1.261646187986608769e+00
1.243597684789405466e+00
1.226022921567141877e+00
1.208903384997484398e+00
1.192221515313371061e+00
1.175960645654821501e+00
1.160104945992924463e+00
1.144639371228760361e+00
1.129549613109007034e+00
1.114822055634653530e+00
1.100443733670292579e+00
1.086402294489040798e+00
1.072685962013021355e+00
1.059283503531416093e+00
1.046184198698102863e+00
1.033377810628710591e+00
1.020854558933066647e+00
1.008605094533458146e+00
9.966204761322210448e-01
9.848921482039658670e-01
9.734119203984022972e-01
9.621719482493547027e-01
9.511647150943520757e-01
9.403830151170234908e-01
9.298199374317959176e-01
9.194688511368797057e-01
9.093233912674764108e-01
8.993774455865974904e-01
8.896251421557489492e-01
8.800608376322975879e-01
8.706791062444152463e-01
8.614747293982503162e-01
8.524426858754293734e-01
8.435781425821150536e-01
8.348764458137549749e-01
8.263331130022648630e-01
8.179438249148659468e-01
8.097044182759506326e-01
8.016108787854899775e-01
7.936593345093164720e-01
7.858460496183516941e-01
7.781674184554976392e-01
7.706199599103399356e-01
7.632003120831839516e-01
7.559052272212077872e-01
7.487315669106866522e-01
7.416762975102749733e-01
7.347364858113900610e-01
7.279092949126022560e-01
7.211919802958369763e-01
