6.989380682619499296e-01
6.888981267419815868e-01
6.791224076089673600e-01
6.696005687223262060e-01
6.603228012295240257e-01
6.512797956186054948e-01
6.424627103317323007e-01
6.338631427171020905e-01
6.254731021184712914e-01
6.172849849209735007e-01
6.092915513892789292e-01
6.014859041496607439e-01
5.938614681814374796e-01
5.864119721956796427e-01
5.791314312902300365e-01
5.720141307801337449e-01
5.650546111115662962e-01
5.582476537754841317e-01
5.515882681445518632e-01
5.450716791634878655e-01
5.386933158289658463e-01
5.324488004006069364e-01
5.263339382894867136e-01
5.203447085750495527e-01
5.144772551052919640e-01
5.087278781388248072e-01
5.030930264906685601e-01
4.975692901467315132e-01
4.921533933146504669e-01
4.868421878812040360e-01
4.816326472488194899e-01
4.765218605257772189e-01
4.715070270466647506e-01
4.665854512013744015e-01
4.617545375525625717e-01
4.570117862229732819e-01
4.523547885353734199e-01
4.477812228891084878e-01
4.432888508584230669e-01
4.388755134987668005e-01
4.345391278482460540e-01
4.302776836123095583e-01
4.260892400205598118e-01
4.219719228453553961e-01
4.179239215725691903e-01
4.139434867155198372e-01
4.100289272636849502e-01
4.061786082583850876e-01
4.023909484881110221e-01
3.986644182966658789e-01
