1.232381968179898646e+00
1.214751814660197660e+00
1.197584290090187187e+00
1.180861318116739334e+00
1.164565753339199539e+00
1.148681322103364044e+00
1.133192567758619429e+00
1.118084799990508138e+00
1.103344047879038170e+00
1.088957016366886910e+00
1.074911045851921765e+00
1.061194074645466001e+00
1.047794604061907719e+00
1.034701665926926584e+00
1.021904792311026045e+00
1.009393987312527052e+00
9.971597007299081161e-01
9.851928034774626308e-01
9.734845646110719120e-01
9.620266298423435503e-01
9.508110014298061241e-01
9.398300193452605589e-01
9.290763436219097171e-01
9.185429377986235044e-01
9.082230533817372553e-01
8.981102152521279747e-01
8.881982079511462347e-01
8.784810627842424280e-01
8.689530456859561047e-01
8.596086457943399317e-01
8.504425646868560840e-01
8.414497062335161148e-01
8.326251670263243865e-01
8.239642273472114198e-01
8.154623426393984298e-01
8.071151354497885233e-01
7.989183878122464444e-01
7.908680340439481204e-01
7.829601539288006951e-01
7.751909662639696608e-01
7.675568227470540572e-01
7.600542021831786510e-01
7.526797049925909588e-01
7.454300480007407526e-01
7.383020594940392645e-01
7.312926745256038696e-01
7.243989304563773768e-01
7.176179627179495313e-01
7.109470007843428085e-01
7.043833643408001777e-01
