4.451669029382080423e-01
4.521751081842056430e-01
4.589397561379531254e-01
4.654683485796810016e-01
4.717690147779674548e-01
4.778501588277911383e-01
4.837202288022953711e-01
4.893875663891106287e-01
4.948603106429959042e-01
5.001463383232349624e-01
5.052532289868526538e-01
5.101882468892448008e-01
5.149583344427639542e-01
5.195701132192260818e-01
5.240298901964861589e-01
5.283436672876743456e-01
5.325171529169999696e-01
5.365557747353156826e-01
5.404646930211660649e-01
5.442488141331490725e-01
5.479128038898315456e-01
5.514611006268130833e-01
5.548979277578557356e-01
5.582273057352278300e-01
5.614530637044616856e-01
5.645788501884352328e-01
5.676081435558936183e-01
5.705442614609327334e-01
5.733903702574000283e-01
5.761494933331008372e-01
5.788245191804934908e-01
5.814182090532670211e-01
5.839332039380260575e-01
5.863720311708462418e-01
5.887371106376134700e-01
5.910307606319957774e-01
5.932552032516057450e-01
5.954125695014896857e-01
5.975049041137749928e-01
5.995341699821752357e-01
6.015022523735065185e-01
6.034109629008529430e-01
6.052620431827770986e-01
6.070571683176648747e-01
6.087979501845167674e-01
6.104859404981988202e-01
6.121226337312680732e-01
6.137094697098361973e-01
6.152478362830187120e-01
6.167390717744903883e-01
