3.503600212976323736e+00
3.568050527393456850e+00
3.630593215277771346e+00
3.691287526258986151e+00
3.750197287337478702e+00
3.807388193781625851e+00
3.862926056735050295e+00
3.916875677727611027e+00
3.969300139630881130e+00
4.020260376513783207e+00
4.069814930204469050e+00
4.118019833782835981e+00
4.164928577843326707e+00
4.210592134872146453e+00
4.255059018557196815e+00
4.298375367391346735e+00
4.340585042022906848e+00
4.381729729467767065e+00
4.421849051383302864e+00
4.460980671707211798e+00
4.499160402796520408e+00
4.536422308071776044e+00
4.572798800525645468e+00
4.608320737015190183e+00
4.643017507196003812e+00
4.676917118250372596e+00
4.710046274044784376e+00
4.742430449814216686e+00
4.774093962682594672e+00
4.805060037325262101e+00
4.835350867338685354e+00
4.864987673564634463e+00
4.893990757742890274e+00
4.922379553325632706e+00
4.950172672683315511e+00
4.977387951818816880e+00
5.004042491548888805e+00
5.030152696467283135e+00
5.055734311745417209e+00
5.080802456904796038e+00
5.105371657914319350e+00
5.129455877497996141e+00
5.153068543072023999e+00
5.176222573367686763e+00
5.198930403469411488e+00
5.221204007883407883e+00
5.243054922829651687e+00
5.264494266769928821e+00
5.285532760386048245e+00
5.306180744362769097e+00
