1.276192577266097805e+00
1.257887788377495486e+00
1.240062944308769843e+00
1.222699299114360150e+00
1.205779072057450607e+00
1.189285386235839681e+00
1.173202211833833886e+00
1.157514313598249744e+00
1.142207202176198866e+00
1.127267088987224053e+00
1.112680844333914676e+00
1.098435958482933739e+00
1.084520505473546503e+00
1.070923109433198128e+00
1.057632913199743729e+00
1.044639549068102635e+00
1.031933111495380473e+00
1.019504131613102826e+00
1.007343553408498904e+00
9.954427114486369410e-01
9.837933100320626068e-01
9.723874036622870420e-01
9.612173787463637042e-01
9.502759364297920230e-01
9.395560764862113112e-01
9.290510821870830993e-01
9.187545060824359178e-01
9.086601566293054377e-01
8.987620856094962196e-01
8.890545762827815057e-01
8.795321322259017638e-01
8.701894668114364961e-01
8.610214932841829816e-01
8.520233153957696981e-01
8.431902185612387690e-01
8.345176615039376911e-01
8.260012683575382875e-01
8.176368211962835586e-01
8.094202529665803780e-01
8.013476407950067548e-01
7.934151996495628634e-01
7.856192763325638984e-01
7.779563437851289009e-01
7.704229956845448646e-01
7.630159413170933824e-01
7.557320007100807313e-01
7.485681000079061898e-01
7.415212670780093607e-01
7.345886273334830685e-01
7.277673997599490852e-01
