4.770671654917461701e+00
4.702845611737100917e+00
4.636794992928064296e+00
4.572450527868733516e+00
4.509746509874850595e+00
4.448620569713883199e+00
4.389013466182489331e+00
4.330868892265464787e+00
4.274133295539811250e+00
4.218755711617044213e+00
4.164687609532178314e+00
4.111882748091290729e+00
4.060297042281674429e+00
4.009888438931580090e+00
3.960616800880485400e+00
3.912443798987962129e+00
3.865332811368778820e+00
3.819248829296254755e+00
3.774158369264423385e+00
3.730029390743696549e+00
3.686831219204323329e+00
3.644534474018132020e+00
3.603111000881451531e+00
3.562533808431782134e+00
3.522777008757580930e+00
3.483815761524895471e+00
3.445626221466846939e+00
3.408185489001999802e+00
3.371471563766259560e+00
3.335463300859591307e+00
3.300140369624217307e+00
3.265483214785033894e+00
3.231473019795722657e+00
3.198091672245791717e+00
3.165321731194647548e+00
3.133146396308444270e+00
3.101549478684758387e+00
3.070515373258259739e+00
3.040029032688330357e+00
3.010075942636555979e+00
2.980642098348499580e+00
2.951713982460147268e+00
2.923278543954956454e+00
2.895323178202435788e+00
2.867835708013956708e+00
2.840804365655817509e+00
2.814217775763557139e+00
2.788064939105245887e+00
2.762335217144940458e+00
2.737018317360655928e+00
