1.174058802649753819e+00
1.157308329554964876e+00
1.140997769899511072e+00
1.125109928217054245e+00
1.109628494846136570e+00
1.094537989585299798e+00
1.079823709596298809e+00
1.065471681186298092e+00
1.051468615136162299e+00
1.037801865274214252e+00
1.024459390023610750e+00
1.011429716677218593e+00
9.987019081768530038e-01
9.862655321944153730e-01
9.741106323309066672e-01
9.622277012659563589e-01
9.506076557054548015e-01
9.392418129883095546e-01
9.281218692255140956e-01
9.172398788556801463e-01
9.065882355110808088e-01
8.961596540971884517e-01
8.859471539968780673e-01
8.759440433177569929e-01
8.661439041078129453e-01
8.565405784706063841e-01
8.471281555168216348e-01
8.379009590939079377e-01
8.288535362402768003e-01
8.199806463145493662e-01
8.112772507542876932e-01
8.027385034220476667e-01
7.943597414998527784e-01
7.861364768960399374e-01
7.780643881311881671e-01
7.701393126721955973e-01
7.623572396859360500e-01
7.547143031859021578e-01
7.472067755472180384e-01
7.398310613670759928e-01
7.325836916493783102e-01
7.254613182937190707e-01
7.184607088703247602e-01
7.115787416637560092e-01
7.048124009694000103e-01
6.981587726278193351e-01
6.916150397830428398e-01
6.851784788517986113e-01
6.788464556915562165e-01
6.726164219560185620e-01
