7.367895829251652762e-01
7.261850108247975832e-01
7.158594180578878863e-01
7.058018866725651597e-01
6.960020616377236014e-01
6.864501150119467487e-01
6.771367128153669146e-01
6.680529843695304226e-01
6.591904938933578206e-01
6.505412141638476919e-01
6.420975020684931422e-01
6.338520758927691512e-01
6.257979942006794971e-01
6.179286361795053306e-01
6.102376833316582871e-01
6.027191024071265613e-01
5.953671294795392921e-01
5.881762550773913523e-01
5.811412102897839382e-01
5.742569537729244056e-01
5.675186595899963660e-01
5.609217058226915187e-01
5.544616638978514533e-01
5.481342885773964335e-01
5.419355085638963843e-01
5.358614176781010263e-01
5.299082665681659199e-01
5.240724549135779009e-01
5.183505240896789656e-01
5.127391502613245500e-01
5.072351378767009367e-01
5.018354135344684774e-01
4.965370201995081834e-01
4.913371117443326441e-01
4.862329477950002588e-01
4.812218888618703949e-01
4.763013917370028105e-01
4.714690051413352179e-01
4.667223656059377723e-01
4.620591935728056154e-01
4.574772897016549100e-01
4.529745313701185605e-01
4.485488693556480833e-01
4.441983246881884839e-01
4.399209856634712645e-01
4.357150050074366510e-01
4.315785971829320111e-01
4.275100358304369519e-01
4.235076513350868876e-01
4.195698285127815175e-01
