2.763720473460043792e+00
2.724587995011151786e+00
2.686473921670403886e+00
2.649338647408272518e+00
2.613144599428585124e+00
2.577856109170259202e+00
2.543439293015116842e+00
2.509861941859560464e+00
2.477093418790980106e+00
2.445104564182754903e+00
2.413867607587623532e+00
2.383356085867598395e+00
2.353544767051144238e+00
2.324409579455365638e+00
2.295927545653052348e+00
2.268076720902286070e+00
2.240836135690645659e+00
2.214185742076443475e+00
2.188106363537272614e+00
2.162579648061247362e+00
2.137588024238657347e+00
2.113114660132465517e+00
2.089143424724481335e+00
2.065658851750833414e+00
2.042646105755673513e+00
2.020090950205941205e+00
1.997979717522479826e+00
1.976299280894453059e+00
1.955037027754398027e+00
1.934180834800787840e+00
1.913719044463739305e+00
1.893640442717451133e+00
1.873934238150269715e+00
1.854590042209924405e+00
1.835597850547659338e+00
1.816948025390508814e+00
1.798631278876185124e+00
1.780638657289831617e+00
1.762961526146060720e+00
1.745591556063928795e+00
1.728520709386021981e+00
1.711741227496322848e+00
1.695245618794607445e+00
1.679026647288028196e+00
1.663077321763241523e+00
1.647390885504858238e+00
1.631960806528332419e+00
1.616780768297459314e+00
1.601844660898652739e+00
1.587146572645991016e+00
