1.710139521145866093e+00
1.741126462815976605e+00
1.771164075739569022e+00
1.800236460622277157e+00
1.828406491739184681e+00
1.855696281808910886e+00
1.882165365986435468e+00
1.907830497299585204e+00
1.932727829589933055e+00
1.956864937587915687e+00
1.980337905547939314e+00
2.003110279220915224e+00
2.025235762419340446e+00
2.046741099664001418e+00
2.067651385918416018e+00
2.087988270157949078e+00
2.107749074762622410e+00
2.127087093842252585e+00
2.145760863350005376e+00
2.164053399623063534e+00
2.181463442751974124e+00
2.198761218867992806e+00
2.215986431933890444e+00
2.232440590825876203e+00
2.248500259498776632e+00
2.264168503068388461e+00
2.279457961206516892e+00
2.294398457996753127e+00
2.308969225824910598e+00
2.323197929964133657e+00
2.337094324438691473e+00
2.350668657412660512e+00
2.363938744894260147e+00
2.376911737886202580e+00
2.389596066257702933e+00
2.409942379110652677e+00
2.414142860239986810e+00
2.426012963229908337e+00
2.437630049606025473e+00
2.448998991621761157e+00
2.459847424626118162e+00
2.471010075694118679e+00
2.481580817397932570e+00
2.492033252155410494e+00
2.502240522167331171e+00
2.512292157487519884e+00
2.522118652022067753e+00
2.531750759043986054e+00
2.537942084781474872e+00
2.550529428869190429e+00
