1.508137093405423235e+00
1.535450460834907105e+00
1.561923764187552743e+00
1.587543501518958955e+00
1.612365296102273415e+00
1.636408798039823198e+00
1.659726483072605507e+00
1.682333472377435690e+00
1.704261733682188362e+00
1.725517723770558565e+00
1.746186912433781213e+00
1.766236678039598829e+00
1.785714594039539804e+00
1.804644334729818000e+00
1.823048075124638512e+00
1.840944938952141730e+00
1.858332663139195873e+00
1.875347612381363271e+00
1.891772998135947015e+00
1.907862579636319333e+00
1.923174025036786139e+00
1.938384205728170384e+00
1.953527884992168673e+00
1.967992207950085115e+00
1.982107542770340736e+00
1.995876722371121792e+00
2.009310895971937683e+00
2.022436191647898784e+00
2.035234659167862947e+00
2.047730530296275386e+00
2.059932423789212041e+00
2.071849227927287984e+00
2.083496937375340696e+00
2.094881778119666027e+00
2.106011206895920029e+00
2.123792659948736894e+00
2.127542960730553379e+00
2.137951790451128709e+00
2.148136653840739374e+00
2.158101807554492435e+00
2.167610131506134685e+00
2.177387986618863902e+00
2.186647001403748458e+00
2.195800510565306674e+00
2.204735861004416098e+00
2.213535485310533346e+00
2.222134548706946156e+00
2.230561359879779992e+00
2.235924657999352139e+00
2.246982492948985222e+00
