7.272032907739109930e-01
7.380623223830105051e-01
7.485161067412627878e-01
7.585652661589341594e-01
7.682307519005520113e-01
7.775232638757489934e-01
7.864679296027520250e-01
7.950705365707605443e-01
8.033463413992515401e-01
8.113010219663694400e-01
8.189731281578047639e-01
8.263485409016581018e-01
8.334502174137177199e-01
8.402893428836603062e-01
8.468770015693791731e-01
8.532230602308331635e-01
8.593299949946925365e-01
8.652354142037970153e-01
8.709032831159743138e-01
8.763918233068365149e-01
8.815594130418867858e-01
8.866379887333069032e-01
8.916376976737542259e-01
8.963610685725570404e-01
9.009218036916017969e-01
9.053209073877693802e-01
9.095641988721027138e-01
9.136655461108833531e-01
9.176144866168358671e-01
9.214239172316466275e-01
9.250983510865991022e-01
9.286437535956616474e-01
9.320641789735987226e-01
9.353639878631664351e-01
9.385468955903641941e-01
9.455422681958031150e-01
9.445779193998082857e-01
9.474332524952706613e-01
9.501871058782456192e-01
9.528425756520069179e-01
9.552743007782803497e-01
9.578733456234266308e-01
9.602239356330349862e-01
9.625181933442037430e-01
9.647309566535122727e-01
9.668517122443657241e-01
9.688999897809118522e-01
9.708724937125891019e-01
9.717482456676916902e-01
9.746373182182341832e-01
