1.341132922707084951e+00
1.362996482955130428e+00
1.384180213563780404e+00
1.404582585354269497e+00
1.424289639340532654e+00
1.443304090828723130e+00
1.461676702023343877e+00
1.479423467503405920e+00
1.496571835974205289e+00
1.513133210995275313e+00
1.529184033516844288e+00
1.544690221003404362e+00
1.559694836075445012e+00
1.574217772164544948e+00
1.588278504577565364e+00
1.601895099574760728e+00
1.615046851765832292e+00
1.627796446993805546e+00
1.640247619136594892e+00
1.652284893476007266e+00
1.663317193713769848e+00
1.674578461808277741e+00
1.686137678818267371e+00
1.696767255316213641e+00
1.707092553186813966e+00
1.717118025787408131e+00
1.726854323456351148e+00
1.736322677462991626e+00
1.745512040568703682e+00
1.754441505366548304e+00
1.763117173058940557e+00
1.771560237405932048e+00
1.779764388984987455e+00
1.787741507228212123e+00
1.795496407449563403e+00
1.807808364257758038e+00
1.810363017401835251e+00
1.817496684186716172e+00
1.824437028440506703e+00
1.831191007249749925e+00
1.837638722804652902e+00
1.844189350628403723e+00
1.850269502086647755e+00
1.856322920761230177e+00
1.862267855177834219e+00
1.867948088559505448e+00
1.873533833404205318e+00
1.878973962685131172e+00
1.882834060999695192e+00
1.889648605124638836e+00
