9.355136876465925955e-01
9.508687202066419264e-01
9.656761913180820223e-01
9.799707745930544833e-01
9.937661310273921966e-01
1.007081275470883552e+00
1.019945524824104055e+00
1.032366660322473928e+00
1.044364509708954225e+00
1.055943286637098799e+00
1.067152191293474051e+00
1.077975388189955863e+00
1.088441193678967744e+00
1.098564414159864500e+00
1.108359131154168509e+00
1.117837424731322526e+00
1.127009842117566052e+00
1.135950189411070621e+00
1.144486522677713225e+00
1.152836497134826610e+00
1.160896726524156763e+00
1.168709749935987308e+00
1.176272976084419053e+00
1.183608834195402304e+00
1.190727987044373659e+00
1.197631586937889070e+00
1.204326734516565578e+00
1.210831169288357545e+00
1.217131088744229261e+00
1.223243173846634502e+00
1.229173834177897273e+00
1.234925060328975421e+00
1.240510858957553308e+00
1.245934100709123138e+00
1.251200321998826803e+00
1.261645502828018239e+00
1.261287148978537553e+00
1.266110043625115589e+00
1.270795379815365500e+00
1.275345781685968793e+00
1.279564699486171797e+00
1.284045378250502356e+00
1.288209166802440020e+00
1.292267932288944099e+00
1.296180335211077894e+00
1.300033195072978209e+00
1.303751893151853913e+00
1.307365634257672271e+00
1.309062116981774881e+00
1.314271099227228623e+00
