3.556466389514458815e-01
3.603726705228429417e-01
3.649257241699252474e-01
3.693089513709940097e-01
3.735266509498731402e-01
3.775838120229245143e-01
3.814858078154084176e-01
3.852381895512071441e-01
3.888465476398182408e-01
3.923164186611360904e-01
3.956532238174260141e-01
3.988622291792247032e-01
4.019485210979544254e-01
4.049169922039884129e-01
4.077723347987454727e-01
4.105190393311805575e-01
4.131613964611682288e-01
4.157035014731937927e-01
4.181492602964148042e-01
4.205023965233234962e-01
4.227664589957161878e-01
4.249448296831908056e-01
4.270407316746981374e-01
4.290572370341412256e-01
4.309972745198507038e-01
4.328636370806842604e-01
4.346589890004357581e-01
4.363858727999759268e-01
4.380467157656167676e-01
4.396438361399687689e-01
4.411794490301644278e-01
4.426556719388655137e-01
4.440745300063745904e-01
4.454379609398115281e-01
4.467478196757360132e-01
4.480058827417225387e-01
4.492138523712283504e-01
4.503733603699364707e-01
4.514859717496770286e-01
4.525531881484334829e-01
4.535764510420258744e-01
4.545571447677081989e-01
4.554965993617344777e-01
4.563960932398694603e-01
4.572568557049590532e-01
4.580800693168771143e-01
4.588668721341520040e-01
4.596183598188741670e-01
4.603355875948859643e-01
4.610195721368024468e-01
