2.785379699456254077e+00
2.825803997103221832e+00
2.864817919467357754e+00
2.902451368250152708e+00
2.938742262971880681e+00
2.973733185110073229e+00
3.007469145382923426e+00
3.039996092396244354e+00
3.071359918254495280e+00
3.101605801171119836e+00
3.130777778244632437e+00
3.158918477316381868e+00
3.186068957540756141e+00
3.212268627171881885e+00
3.237555212862780696e+00
3.261964765438893465e+00
3.285531690143074890e+00
3.308288792577267046e+00
3.330267335691702968e+00
3.351497102422071439e+00
3.372006461874238692e+00
3.391822436580282929e+00
3.410970769551353587e+00
3.429475989946979553e+00
3.447361476779208900e+00
3.464649520672586025e+00
3.481361382154293693e+00
3.497517347708770874e+00
3.513136783148518738e+00
3.528238183468016764e+00
3.542839220351734930e+00
3.556956787237162132e+00
3.570607041023624362e+00
3.583805441898529676e+00
3.596566790495707711e+00
3.608905263159055465e+00
3.620834444581878753e+00
3.632367358757581766e+00
3.643516498267397541e+00
3.654293851279988736e+00
3.664710927231981774e+00
3.674778781105818126e+00
3.684508035890472488e+00
3.693908903949875810e+00
3.702991207126607343e+00
3.711764395422961993e+00
3.720237565031858651e+00
3.728419474850515503e+00
3.736318562409253197e+00
3.743942958602912707e+00
