7.226469287527661489e-01
7.122663210564023073e-01
7.021589052792749364e-01
6.923139880750511788e-01
6.827214274999150456e-01
6.733715979117566031e-01
6.642553575173789637e-01
6.553640183375580852e-01
6.466893183823271274e-01
6.382233958490433068e-01
6.299587651736782146e-01
6.218882947818898943e-01
6.140051864007477489e-01
6.063029558048516066e-01
5.987754148821402556e-01
5.914166549150403629e-01
5.842210309819189096e-01
5.771831473922408584e-01
5.702978440763580847e-01
5.635601838577116718e-01
5.569654405414242726e-01
5.505090877588131315e-01
5.441867885124379578e-01
5.379943853709010515e-01
5.319278912667410042e-01
5.259834808546060003e-01
5.201574823902717082e-01
5.144463700942739637e-01
5.088467569667159962e-01
5.033553880224681532e-01
4.979691339183350829e-01
4.926849849459389863e-01
4.875000453660633948e-01
4.824115280620321355e-01
4.774167494913434395e-01
4.725131249163307956e-01
4.676981638960272525e-01
4.629694660226736924e-01
4.583247168875413946e-01
4.537616842617872015e-01
4.492782144790977150e-01
4.448722290077813946e-01
4.405417212008390648e-01
4.362847532133164452e-01
4.320994530769833308e-01
4.279840119230486906e-01
4.239366813442335125e-01
4.199557708881309637e-01
4.160396456742661009e-01
4.121867241278118210e-01
