7.654197095793123795e-01
7.785750085303941859e-01
7.912745338916301607e-01
8.035564174831582029e-01
8.154289618015720942e-01
8.269091396366249347e-01
8.380184762193738646e-01
8.487655523283765824e-01
8.591665892893685097e-01
8.692234287604901910e-01
8.789769387209158680e-01
8.884146216606221280e-01
8.975587164637017779e-01
9.064215551390797376e-01
9.150144560252124748e-01
9.233470970722533755e-01
9.314307409189748199e-01
9.393323827350561483e-01
9.468738184403527880e-01
9.542752769718876316e-01
9.614853972265070547e-01
9.684462709642787104e-01
9.751499305003966667e-01
9.817145899354742244e-01
9.880979545544849030e-01
9.943021695254959935e-01
1.000332879595522195e+00
1.006202667355870384e+00
1.011903720803299933e+00
1.017447872707756495e+00
1.022840541687036531e+00
1.028081273605347512e+00
1.033184572131985668e+00
1.038151792507405524e+00
1.042987713956586626e+00
1.051231448363570076e+00
1.052288156052473500e+00
1.056752032226738303e+00
1.061100213565329797e+00
1.065334389737203846e+00
1.069307914116794267e+00
1.073457603996254894e+00
1.077376550308762004e+00
1.081195471714908152e+00
1.084879027824537046e+00
1.088535641948772170e+00
1.092066313948289791e+00
1.095507642418041216e+00
1.097237469718680414e+00
1.102089340309778454e+00
