4.114293148999659255e-01
4.176797351924650403e-01
4.236950842832924446e-01
4.294918368838659406e-01
4.350750558762490061e-01
4.404528957760548979e-01
4.456363081344299482e-01
4.506298921159023751e-01
4.554418872129694096e-01
4.600738506066448519e-01
4.645466941659961990e-01
4.688536077029259452e-01
4.730060933587730276e-01
4.770103899540725778e-01
4.808723894032581048e-01
4.845972939703607762e-01
4.881910755890754294e-01
4.916783672865610022e-01
4.949981163868706902e-01
4.982326187455295985e-01
5.013658628069760370e-01
5.043696935347704580e-01
5.072395546901755647e-01
5.100345278252109704e-01
5.127343579554004549e-01
5.153402419364871978e-01
5.178553184129198739e-01
5.202864982367263469e-01
5.226294072227010146e-01
5.248905108174103384e-01
5.270727142380898789e-01
5.291768066661576286e-01
5.312086281670871379e-01
5.331695484888051562e-01
5.350620699353348941e-01
5.389185674003914572e-01
5.386526495773417134e-01
5.403521655380046917e-01
5.419917408578552864e-01
5.435726963417452096e-01
5.450157338859503708e-01
5.465607645876771059e-01
5.479801443284182394e-01
5.493478031010171625e-01
5.506530877321066386e-01
5.519304351898788319e-01
5.531505943870521635e-01
5.543252303436274619e-01
5.547252538165332592e-01
5.565296039270116735e-01
