7.019292455399747110e-01
6.918425062264562664e-01
6.820211999171728046e-01
6.724549374712203154e-01
6.631338654464753457e-01
6.540486319992728781e-01
6.451903553565746519e-01
6.365505946370213497e-01
6.281213228191968589e-01
6.198949016749651930e-01
6.118640585032052437e-01
6.040218645148449639e-01
5.963617147340557478e-01
5.888773092929402431e-01
5.815626360082880586e-01
5.744119541390128036e-01
5.674197792319777278e-01
5.605808689720314097e-01
5.538902099594830153e-01
5.473430053448324895e-01
5.409346632566176538e-01
5.346607859636416382e-01
5.285171597177725777e-01
5.224997452279664945e-01
5.166046687202161536e-01
5.108282135417903103e-01
5.051668122715015086e-01
4.996170393007577371e-01
4.941756038529437345e-01
4.888393434112224822e-01
4.836052175271244868e-01
4.784703019844420702e-01
4.734317832948581328e-01
4.684869535035144916e-01
4.636332052843452067e-01
4.588680273064918991e-01
4.541889998544680340e-01
4.495937906860198452e-01
4.450801511127515098e-01
4.406459122896736469e-01
4.362889817007819526e-01
4.320073398286956579e-01
4.277990369972078377e-01
4.236621903763485020e-01
4.195949811402985841e-01
4.155956517691200003e-01
4.116625034858849563e-01
4.077938938213419573e-01
4.039882342987714536e-01
4.002439882321722764e-01
