7.239341774796265172e-01
7.134968731586592838e-01
7.033341148524905329e-01
6.934351583225460969e-01
6.837898132927852091e-01
6.743884081887708826e-01
6.652217575367049829e-01
6.562811317911642073e-01
6.475582293830730585e-01
6.390451507995371649e-01
6.307343745253214395e-01
6.226187346917633203e-01
6.146914002934215082e-01
6.069458558456123365e-01
5.993758833676269271e-01
5.919755455867925509e-01
5.847391702679582970e-01
5.776613355813541295e-01
5.707368564294516000e-01
5.639607716602562659e-01
5.573283321007068691e-01
5.508349893494487448e-01
5.444763852733575105e-01
5.382483421567667570e-01
5.321468534565686470e-01
5.261680751201460726e-01
5.203083174265573652e-01
5.145640373145415891e-01
5.089318311637845982e-01
5.034084279985111543e-01
4.979906830848346289e-01
4.926755718955272423e-01
4.874601844178128029e-01
4.823417197816705082e-01
4.773174811877696766e-01
4.723848711157278557e-01
4.675413867947693092e-01
4.627846159201736698e-01
4.581122326000901523e-01
4.535219935183882889e-01
4.490117343002346662e-01
4.445793660679920323e-01
4.402228721759294805e-01
4.359403051129927542e-01
4.317297835636333403e-01
4.275894896173592641e-01
4.235176661182995517e-01
4.195126141466664071e-01
4.155726906244922580e-01
4.116963060385774309e-01
