3.051989481938745197e+00
3.009472451967278417e+00
2.968062557244278921e+00
2.927716743917583742e+00
2.888394168066509948e+00
2.850056055511600572e+00
2.812665572171152206e+00
2.776187704049744465e+00
2.740589146033736156e+00
2.705838198748342194e+00
2.671904672802275726e+00
2.638759799809604178e+00
2.606376149635365458e+00
2.574727553362708310e+00
2.543789031524969602e+00
2.513536727187441144e+00
2.483947843500475816e+00
2.455000585379036870e+00
2.426674104993915559e+00
2.398948450786783315e+00
2.371804519746235851e+00
2.345224012703656769e+00
2.319189392428340213e+00
2.293683844319356790e+00
2.268691239508104474e+00
2.244196100200931188e+00
2.220183567104412337e+00
2.196639368788876556e+00
2.173549792856654062e+00
2.150901658792319093e+00
2.128682292381367525e+00
2.106879501592641368e+00
2.085481553827599921e+00
2.064477154446873630e+00
2.043855426491178129e+00
2.023605891519714373e+00
2.003718451494862940e+00
1.984183371647038063e+00
1.964991264258378889e+00
1.946133073308257577e+00
1.927600059927589982e+00
1.909383788612699862e+00
1.891476114152710108e+00
1.873869169227895481e+00
1.856555352638991963e+00
1.839527318130343314e+00
1.822777963772231002e+00
1.806300421869984296e+00
1.790088049369568335e+00
1.774134418731414531e+00
