8.402035287586024914e-01
8.513699063674187162e-01
8.621189208778040625e-01
8.724587767610975098e-01
8.824003048821532635e-01
8.919558960186252383e-01
9.011387880106200843e-01
9.099625870444079112e-01
9.184409463749906299e-01
9.265873521340068919e-01
9.344149825493173189e-01
9.419366180371983033e-01
9.491645863046193066e-01
9.561107323208729580e-01
9.627864051055041728e-01
9.692024564063471681e-01
9.753692474873104645e-01
9.812966612026517987e-01
9.869941178161879547e-01
9.924705928526413867e-01
9.977346362626579035e-01
1.002794392126449274e+00
1.007657618442234115e+00
1.012331706590613445e+00
1.016823700341733083e+00
1.021140314319046061e+00
1.025287951475053250e+00
1.029272719941598524e+00
1.033100449116800990e+00
1.036776704669635452e+00
1.040306802910570649e+00
1.043695824416424722e+00
1.046948626631327928e+00
1.050069855936889951e+00
1.053063958912377807e+00
1.055935193019669871e+00
1.058687636505714513e+00
1.061325197791369357e+00
1.063851624355929060e+00
1.066270510935952265e+00
1.068585307321067379e+00
1.070799325721783379e+00
1.072915747594907154e+00
1.074937630129997990e+00
1.076867912342731826e+00
1.078709420765703531e+00
1.080464874921535756e+00
1.082136892335270106e+00
1.083727993344204110e+00
1.085240605617006970e+00
