5.302806542058496886e-01
5.226662520630698250e-01
5.152523183446595656e-01
5.080310033685787596e-01
5.009948623395398259e-01
4.941368295688998713e-01
4.874501946397932217e-01
4.809285803484108501e-01
4.745659222688530798e-01
4.683564498038703117e-01
4.622946685969013814e-01
4.563753441926721166e-01
4.505934868441609509e-01
4.449443373731580831e-01
4.394233540001543092e-01
4.340262000668964615e-01
4.287487325818113981e-01
4.235869915246492923e-01
4.185371898522960432e-01
4.135957041526688305e-01
4.087590658982173109e-01
4.040239532546019419e-01
3.993871834038751900e-01
3.948457053448428122e-01
3.903965931363512221e-01
3.860370395520420495e-01
3.817643501176223864e-01
3.775759375040091403e-01
3.734693162518212262e-01
3.694420978045873660e-01
3.654919858297935864e-01
3.616167718085004368e-01
3.578143308757050778e-01
3.540826178949781911e-01
3.504196637521165281e-01
3.468235718536922252e-01
3.432925148173994190e-01
3.398247313420479365e-01
3.364185232459297459e-01
3.330722526630905955e-01
3.297843393877602503e-01
3.265532583578970582e-01
3.233775372693993844e-01
3.202557543131585582e-01
3.171865360276168722e-01
3.141685552600234632e-01
3.112005292300073500e-01
3.082812176895413647e-01
3.054094211737342635e-01
3.025839793372658293e-01
