4.201662461952490046e-01
4.260854823713139949e-01
4.317678650954032693e-01
4.372247567285872383e-01
4.424624956384147767e-01
4.474887736083759671e-01
4.523165821397342468e-01
4.569491246363506232e-01
4.613949354311192574e-01
4.656571144993161271e-01
4.697568939058918147e-01
4.736870676324448914e-01
4.774604066950541292e-01
4.810833134636989250e-01
4.845621716232841880e-01
4.879026625457554833e-01
4.911093814371832456e-01
4.942008287905362840e-01
4.971466838400965815e-01
4.999957657045657755e-01
5.027128585962498120e-01
5.053303493799699009e-01
5.078480991182758864e-01
5.102593961184913596e-01
5.125776315532616367e-01
5.148034114240384040e-01
5.169401055787624655e-01
5.189957168765435558e-01
5.209641862559957204e-01
5.228530089092150446e-01
5.246650359027018595e-01
5.264027019563215504e-01
5.280694860447910921e-01
5.296675884339507867e-01
5.311993701533029855e-01
5.349932124801425326e-01
5.340734574905502408e-01
5.354193187339086890e-01
5.367076342051020355e-01
5.379401457679929832e-01
5.390399315134226654e-01
5.402445088060792155e-01
5.413159683155296387e-01
5.423451619583005145e-01
5.433244673942363434e-01
5.442589624155518280e-01
5.451488723521326074e-01
5.459959990362879267e-01
5.462094796560773569e-01
5.475729848641165409e-01
