6.824284727130470740e-01
6.726692952205504117e-01
6.631670662973412345e-01
6.539117271595795700e-01
6.448937377349165390e-01
6.361040436415568156e-01
6.275340456585046800e-01
6.191755714704338942e-01
6.110208494918683009e-01
6.030624845943053369e-01
5.952934355767979246e-01
5.877069942356113463e-01
5.802967659020777935e-01
5.730566513298760434e-01
5.659808298238019342e-01
5.590637435118861465e-01
5.523000826714385969e-01
5.456847720275492808e-01
5.392129579496471870e-01
5.328799964782163778e-01
5.266814421194971896e-01
5.206130373513330190e-01
5.146707027880370600e-01
5.088505279565065376e-01
5.031487626396929924e-01
4.975618087471468942e-01
4.920862126755463084e-01
4.867186581251115585e-01
4.814559593404628690e-01
4.762950547469521623e-01
4.712330009557266775e-01
4.662669671128422677e-01
4.613942295695892537e-01
4.566121668529509181e-01
4.519182549166263496e-01
4.473100626545613578e-01
4.427852476601739085e-01
4.383415522157408928e-01
4.339767994974980114e-01
4.296888899830239028e-01
4.254757980484533686e-01
4.213355687439021557e-01
4.172663147363294134e-01
4.132662134097490614e-01
4.093335041134552599e-01
4.054664855494937714e-01
4.016635132912383943e-01
3.979229974254633873e-01
3.942434003107843088e-01
3.906232344458405170e-01
