1.072996071621617364e+00
1.057630982465052050e+00
1.042669133878197263e+00
1.028094768588670771e+00
1.013892940894717709e+00
1.000049465048896691e+00
9.865508675329657251e-01
9.733843428858970359e-01
9.605377127801276727e-01
9.479993880706819587e-01
9.357583335681810555e-01
9.238040353102814350e-01
9.121264701272164821e-01
9.007160773159208489e-01
8.895637322542395697e-01
8.786607218019095722e-01
8.679987213486749509e-01
8.575697733822839064e-01
8.473662674601832867e-01
8.373809214787878430e-01
8.276067641432868216e-01
8.180371185491206454e-01
8.086655867937477815e-01
7.994860355440243094e-01
7.904925824906489096e-01
7.816795836267169673e-01
7.730416212924351438e-01
7.645734929327112628e-01
7.562702005184827048e-01
7.481269405865133004e-01
7.401390948558657090e-01
7.323022213824623705e-01
7.246120462160655640e-01
7.170644555266878495e-01
7.096554881698947659e-01
7.023813286627196284e-01
6.952383005439589647e-01
6.882228600945274888e-01
6.813315903952923414e-01
6.745611957014135962e-01
6.679084961136779741e-01
6.613704225287037053e-01
6.549440118511165032e-01
6.486264024519903248e-01
6.424148298588837624e-01
6.363066226638106615e-01
6.302991986363896126e-01
6.243900610302761667e-01
6.185767950717320218e-01
6.128570646199636984e-01
