4.711406257686655330e+00
4.644193355364279796e+00
4.578743463392738633e+00
4.514987710971925416e+00
4.452860773693594787e+00
4.392300648025131871e+00
4.333248442792114297e+00
4.275648186183080846e+00
4.219446646944565948e+00
4.164593168563685666e+00
4.111039515350546125e+00
4.058739729435722587e+00
4.007649997790110774e+00
3.957728528456903483e+00
3.908935435259496494e+00
3.861232630315624803e+00
3.814583723747812183e+00
3.768953930034084188e+00
3.724309980491506966e+00
3.680620041428945832e+00
3.637853637545003682e+00
3.595981580183104764e+00
3.554975900088020335e+00
3.514809784337695309e+00
3.475457517150899900e+00
3.436894424295616091e+00
3.399096820845076028e+00
3.362041962048536448e+00
3.325707997102256730e+00
3.290073925622791773e+00
3.255119556640063916e+00
3.220825469941595465e+00
3.187172979612098445e+00
3.154144099624252018e+00
3.121721511347280931e+00
3.089888532849752067e+00
3.058629089881987451e+00
3.027927688431829800e+00
2.997769388755113340e+00
2.968139780789162074e+00
2.939024960864133007e+00
2.910411509632945926e+00
2.882286471146021434e+00
2.854637333002141730e+00
2.827452007511377818e+00
2.800718813810393115e+00
2.774426460874383160e+00
2.748564031373607719e+00
2.723120966325972336e+00
2.698087050500161066e+00
