1.329953602768642940e+00
1.311188798577342940e+00
1.292916894829625907e+00
1.275118628362104767e+00
1.257775728148520900e+00
1.240870852201286789e+00
1.224387529229629790e+00
1.208310104641134419e+00
1.192623690513967993e+00
1.177314119203197507e+00
1.162367900276856325e+00
1.147772180506162920e+00
1.133514706660104343e+00
1.119583790877645813e+00
1.105968278411568084e+00
1.092657517556512747e+00
1.079641331590589282e+00
1.066909992574949451e+00
1.054454196869293314e+00
1.042265042233647909e+00
1.030334006397715552e+00
1.018652926989215279e+00
1.007213982721721024e+00
9.960096757506866627e-01
9.850328151139223776e-01
9.742765011794725094e-01
9.637341110301604896e-01
9.533992847195682518e-01
9.432659123394502299e-01
9.333281218432063486e-01
9.235802675743355339e-01
9.140169194526985841e-01
9.046328527749853965e-01
8.954230385890604715e-01
8.863826346048538918e-01
8.775069766072167710e-01
8.687915703387008026e-01
8.602320838224963850e-01
8.518243400979571556e-01
8.435643103430334744e-01
8.354481073598136742e-01
8.274719794009546270e-01
8.196323043164185362e-01
8.119255840012336023e-01
8.043484391263998612e-01
7.968976041362334506e-01
7.895699224965340157e-01
7.823623421790468768e-01
7.752719113686001862e-01
7.682957743802326656e-01
