1.523449739036917938e+00
1.548367685498567292e+00
1.572516275742019465e+00
1.595779762406105862e+00
1.618255701617568931e+00
1.639947056685800986e+00
1.660911431018899043e+00
1.681166736906817949e+00
1.700744050898970849e+00
1.719656565870809173e+00
1.737990282792002406e+00
1.755707058322116820e+00
1.772855535445618358e+00
1.789458217981535926e+00
1.805537172042288585e+00
1.821112879945156804e+00
1.836161733936889640e+00
1.850753673767497665e+00
1.865010514704937616e+00
1.878796654162844471e+00
1.891441388888596586e+00
1.904348313667001857e+00
1.917596165402701169e+00
1.929787484405189435e+00
1.941634168087686740e+00
1.953141201176995301e+00
1.964320671841740307e+00
1.975196752175483406e+00
1.985756736193923233e+00
1.996022366155878025e+00
2.006000548045369758e+00
2.015715498708214870e+00
2.025159761929651747e+00
2.034346905765609392e+00
2.043282371057792979e+00
2.057433463645157889e+00
2.060424684185329980e+00
2.068656693249794731e+00
2.076669810760663815e+00
2.084471976239738122e+00
2.091926481568882501e+00
2.099500176800459972e+00
2.106538669018497512e+00
2.113547797184816446e+00
2.120435529325356949e+00
2.127020944977912276e+00
2.133500850763756507e+00
2.139816003734175354e+00
2.144373991419020520e+00
2.152216546834493816e+00
