1.969010217906069338e+00
2.004682604697165083e+00
2.039265434306420932e+00
2.072739692564835146e+00
2.105177565645223403e+00
2.136604322041663728e+00
2.167088567416613376e+00
2.196649139472852230e+00
2.225327565508903316e+00
2.253132876168303156e+00
2.280174768497242432e+00
2.306411870101246819e+00
2.331905756274601949e+00
2.356687109683528458e+00
2.380784775566155531e+00
2.404223649635413462e+00
2.427000524762612965e+00
2.449290166356934861e+00
2.470820245712467500e+00
2.491910509369530402e+00
2.511984309291784623e+00
2.531931788221683188e+00
2.551798985661915431e+00
2.570777380883729535e+00
2.589302904409754191e+00
2.607378917729011647e+00
2.625019978263853027e+00
2.642260665011136211e+00
2.659076580875959106e+00
2.675499807969608845e+00
2.691541558877617035e+00
2.707213858469573520e+00
2.722536805816632821e+00
2.737518758510828487e+00
2.752169394466041474e+00
2.775783047574689633e+00
2.780527225711548311e+00
2.794243568177805503e+00
2.807669641329316956e+00
2.820811121107422714e+00
2.833350373588481741e+00
2.846261432015198878e+00
2.858486700719816476e+00
2.870577257311190511e+00
2.882388285146458173e+00
2.894017662467697871e+00
2.905390654017747210e+00
2.916540895470970174e+00
2.923770725253960201e+00
2.938288179350154294e+00
