1.620982751357325835e+00
1.652165828671171566e+00
1.682415121909353051e+00
1.711764717154163451e+00
1.740255119078507162e+00
1.767915282807362098e+00
1.794796925715170355e+00
1.820917467414466140e+00
1.846311371969780346e+00
1.870981949381434806e+00
1.895020568886818024e+00
1.918395302332207342e+00
1.941155785590476412e+00
1.963328018618001991e+00
1.984935661491152414e+00
2.005998564286508579e+00
2.026525280686638730e+00
2.046690696562821987e+00
2.066104884527070862e+00
2.085220700637993918e+00
2.103691158720312870e+00
2.121866961785782824e+00
2.139762674625899752e+00
2.157123956801683118e+00
2.174106714628588399e+00
2.190714388031758553e+00
2.206958396620304352e+00
2.222865277579581189e+00
2.238417704678387743e+00
2.253640543173267563e+00
2.268543836983056394e+00
2.283129279337504425e+00
2.297425631665529266e+00
2.311435854539152235e+00
2.325168936483964721e+00
2.345527933619725669e+00
2.351851849180987220e+00
2.364799224526417998e+00
2.377502187147902291e+00
2.389963474795505416e+00
2.401921795426793071e+00
2.414155045270925726e+00
2.425886662347573441e+00
2.437460428969997928e+00
2.448748604238973670e+00
2.459977279208824807e+00
2.470938974072088179e+00
2.481710166556275965e+00
2.488631675263274001e+00
2.502671354550599858e+00
