6.986138349687622817e-01
6.885782600761667371e-01
6.788068003476788181e-01
6.692891176305900691e-01
6.600154068624936032e-01
6.509763621360138419e-01
6.421631453236378295e-01
6.335673570401210153e-01
6.251810097417377365e-01
6.169965027811366021e-01
6.090065992539114292e-01
6.012044044884893301e-01
5.935833460448735055e-01
5.861371551001400837e-01
5.788598491098126964e-01
5.717457156442119492e-01
5.647892973079289280e-01
5.579853776586560787e-01
5.513289680489674716e-01
5.448152953212069827e-01
5.384397902916546741e-01
5.321980769655143551e-01
5.260859624291774894e-01
5.200994273706592841e-01
5.142346171831005952e-01
5.084878336099449836e-01
5.028555268936762968e-01
4.973342883930508829e-01
4.919208436365533621e-01
4.866120457822653012e-01
4.814048694566842035e-01
4.762964049471252181e-01
4.712838527242367292e-01
4.663645182729546645e-01
4.615358072118120325e-01
4.567952206820045102e-01
4.521403509889888594e-01
4.475688774805982595e-01
4.430785626468564109e-01
4.386672484276862849e-01
4.343328527156990471e-01
4.300733660421484084e-01
4.258868484349466743e-01
4.217714264384061496e-01
4.177252902850862593e-01
4.137466912107623518e-01
4.098339389041125158e-01
4.059853990833439119e-01
4.021994911924032245e-01
3.984746862099717846e-01
