1.254297121658879188e+00
1.236384699880477944e+00
1.218942329403422509e+00
1.201951644313157264e+00
1.185395224535342296e+00
1.169256535684401133e+00
1.153519873446407384e+00
1.138170312102428694e+00
1.123193656836996013e+00
1.108576399510918575e+00
1.094305677608219174e+00
1.080369236094573582e+00
1.066755391949061327e+00
1.053453001153156876e+00
1.040451427940508822e+00
1.027740516128939685e+00
1.015310562371912084e+00
1.003152291181171218e+00
9.912568315852031686e-01
9.796156952998169576e-01
9.682207562977932502e-01
9.570642316740355371e-01
9.461386637113795572e-01
9.354369030600638846e-01
9.249520929509682521e-01
9.146776543692378691e-01
9.046072721208128220e-01
8.947348817297057222e-01
8.850546571088320214e-01
8.755609989515736880e-01
8.662485237954270501e-01
8.571120537127402406e-01
8.481466065869672777e-01
8.393473869360241757e-01
8.307097772471291330e-01
8.222293297901819287e-01
8.139017588791144231e-01
8.057229335528842684e-01
7.976888706497454740e-01
7.897957282504297627e-01
7.820397994674279651e-01
7.744175065592973084e-01
7.669253953502901400e-01
7.595601299369826309e-01
7.523184876648241204e-01
7.451973543586859483e-01
7.381937197925376726e-01
7.313046733843916458e-01
7.245274001035260092e-01
7.178591765778977729e-01
