1.391530599506111354e+00
1.371565662173689581e+00
1.352126297596449866e+00
1.333191929684133026e+00
1.314743043504848830e+00
1.296761117726892065e+00
1.279228562157677995e+00
1.262128659936686104e+00
1.245445513982726293e+00
1.229163997334713709e+00
1.213269707059553282e+00
1.197748921431761149e+00
1.182588560117007637e+00
1.167776147116535990e+00
1.153299776251672792e+00
1.139148078987545443e+00
1.125310194413102538e+00
1.111775741210704327e+00
1.098534791463115390e+00
1.085577846158870097e+00
1.072895812268913618e+00
1.060479981278155348e+00
1.048322009065314031e+00
1.036413897033287235e+00
1.024747974400272099e+00
1.013316881569196193e+00
1.002113554499591386e+00
9.911312100121305591e-01
9.803633319615078223e-01
9.698036582183906518e-01
9.594461684057326023e-01
9.492850723389276713e-01
9.393147991231285410e-01
9.295299868645445773e-01
9.199254729557432286e-01
9.104962848979459844e-01
9.012376316259949061e-01
8.921448953041567487e-01
8.832136235632128685e-01
8.744395221513854288e-01
8.658184479735977490e-01
8.573464024953141305e-01
8.490195254888834864e-01
8.408340891018147856e-01
8.327864922278074289e-01
8.248732551626621889e-01
8.170910145283794002e-01
8.094365184498895083e-01
8.019066219698507414e-01
7.944982826879138926e-01
