8.395290556766057399e-01
8.521332885206306385e-01
8.642708621425501114e-01
8.759423255693177257e-01
8.871717737182480690e-01
8.979715022409011649e-01
9.083704856097601921e-01
9.183752753664000679e-01
9.280034301378855544e-01
9.372615939330909418e-01
9.461938631344045669e-01
9.547842196090493561e-01
9.630590243841313791e-01
9.710311426306320604e-01
9.787133362688754668e-01
9.861169654639397875e-01
9.932448380489767858e-01
1.000140082045020362e+00
1.006762001940924023e+00
1.013176714896501851e+00
1.019220746220443230e+00
1.025162658675069727e+00
1.031014325369818962e+00
1.036546513922123713e+00
1.041891134656532270e+00
1.047049299424628321e+00
1.052027714895938937e+00
1.056842425690334153e+00
1.061481250307485746e+00
1.065959112561750244e+00
1.070281209455735016e+00
1.074454460968764513e+00
1.078483469235158809e+00
1.082373282408592319e+00
1.086128177129888517e+00
1.094311078025854478e+00
1.093251507148954360e+00
1.096628320855623784e+00
1.099887997995120159e+00
1.103034116746898885e+00
1.105921245289928079e+00
1.109003107089960416e+00
1.111797116381848527e+00
1.114526243717046006e+00
1.117161581341290288e+00
1.119690079072173994e+00
1.122135199970983654e+00
1.124492828336738581e+00
1.125596403963344816e+00
1.129000592082415322e+00
