1.405918648583962982e+00
1.386052601176928967e+00
1.366707921847218898e+00
1.347864243796947692e+00
1.329502248906728745e+00
1.311603601055330914e+00
1.294150884465108398e+00
1.277127546636693589e+00
1.260517845479187660e+00
1.244306800280268188e+00
1.228480146194629974e+00
1.213024291959672540e+00
1.197926280574411972e+00
1.183173752702205483e+00
1.168754912579502259e+00
1.154658496232719322e+00
1.140873741822866050e+00
1.127390361953530373e+00
1.114198517792239107e+00
1.101288794868029663e+00
1.088652180419981130e+00
1.076280042181885221e+00
1.064164108497928307e+00
1.052296449672952772e+00
1.040669460468748087e+00
1.029275843665040435e+00
1.018108594610342754e+00
1.007160986693825144e+00
9.964265576747199926e-01
9.858990968108318764e-01
9.755726327320886071e-01
9.654414220093656684e-01
9.554999383724409601e-01
9.457428625345115636e-01
9.361650725837811216e-01
9.267616349056283509e-01
9.175277956014172842e-01
9.084589723725861043e-01
8.995507468407756280e-01
8.907988572769747204e-01
8.821991917144094142e-01
8.737477814218057581e-01
8.654407947151682157e-01
8.572745310877974978e-01
8.492454156395744524e-01
8.413499937878804458e-01
8.335849262436620943e-01
8.259469842372758608e-01
8.184330449797060369e-01
8.110400873457609405e-01
