7.149944930852504266e-01
7.266626109123744959e-01
7.379100410193681903e-01
7.487636046317061034e-01
7.592339355768435993e-01
7.693356866490794754e-01
7.790912823483918670e-01
7.885069588452863210e-01
7.975979584196701833e-01
8.063673731635446762e-01
8.148534396101504429e-01
8.230436480206446692e-01
8.309598485993453520e-01
8.386134400447673443e-01
8.460152402080305389e-01
8.531745339868388456e-01
8.600994662973062699e-01
8.668468476862325467e-01
8.732840145611628913e-01
8.795787887319402865e-01
8.856522567655618072e-01
8.915357358595025206e-01
8.972270906464133722e-01
9.027451926143795768e-01
9.080972226345424003e-01
9.132841810854592790e-01
9.183115134649900702e-01
9.231926468390313500e-01
9.279173429809003393e-01
9.324982235812399045e-01
9.369402069251850929e-01
9.412447676170142552e-01
9.454227249523553533e-01
9.494762532761369389e-01
9.534096024684007853e-01
9.612128338905910896e-01
9.609353219619507502e-01
9.645293757531147039e-01
9.680181543475590011e-01
9.714036602653007835e-01
9.745386369993038755e-01
9.778674006886461934e-01
9.809572517472594511e-01
9.839664837016974808e-01
9.868633436947183979e-01
9.897155154423330492e-01
9.924645886365612846e-01
9.951333522725799297e-01
9.963233950992285148e-01
1.000223666511011134e+00
