5.387035365090755423e-01
5.469615215156166110e-01
5.549132190437834344e-01
5.625800383665728877e-01
5.699684578356484232e-01
5.770890802162691458e-01
5.839562025041747928e-01
5.905756669630418676e-01
5.969581941408084180e-01
6.031058930776932447e-01
6.090456897175117179e-01
6.147689679138843566e-01
6.202906235583860450e-01
6.256187663769153806e-01
6.307610647933712400e-01
6.357242849972499776e-01
6.405162022229665686e-01
6.451689747603299718e-01
6.496028116877412550e-01
6.539251838590146582e-01
6.581152256986992910e-01
6.621360901642246999e-01
6.659818570478651667e-01
6.697295582424555027e-01
6.733528842145963811e-01
6.768533294376362086e-01
6.802349834125642758e-01
6.835069538597464689e-01
6.866633435875360014e-01
6.897126770924647543e-01
6.926587429425286047e-01
6.955025677226968073e-01
6.982517741487210827e-01
7.009081473647345017e-01
7.034749517760473525e-01
7.086607865922751603e-01
7.083538598186731594e-01
7.106678593636193142e-01
7.129033301022237312e-01
7.150619900191316214e-01
7.170382593276771743e-01
7.191515230142710990e-01
7.210983949393866554e-01
7.229775134398142011e-01
7.247748892844210200e-01
7.265354965457118119e-01
7.282211728214128543e-01
7.298471389613324645e-01
7.304647288855633525e-01
7.329091209752310876e-01
