2.698366251236492541e+00
2.660289751310657813e+00
2.623205686315269514e+00
2.587075431572506190e+00
2.551862346205623133e+00
2.517531647233244740e+00
2.484050293139379306e+00
2.451386876097203071e+00
2.419511522104924595e+00
2.388395798364022493e+00
2.358012627294042929e+00
2.328336206635511996e+00
2.299341935143628834e+00
2.271006343421399176e+00
2.243307029481989900e+00
2.216222598667110688e+00
2.189732607581562629e+00
2.163817511734018151e+00
2.138458616601158546e+00
2.113638031856767352e+00
2.089338628529317621e+00
2.065543998871744336e+00
2.042238418744973139e+00
2.019406812333409462e+00
1.997034719025249760e+00
1.975108262304277940e+00
1.953614120511858010e+00
1.932539499349243739e+00
1.911872106000451987e+00
1.891600124765337121e+00
1.871712194100918714e+00
1.852197384976902894e+00
1.833045180458419354e+00
1.814245456435480408e+00
1.795788463424703219e+00
1.777664809374306376e+00
1.759865443408329400e+00
1.742381640450839653e+00
1.725204986674912400e+00
1.708327365725275104e+00
1.691740945666968310e+00
1.675438166615768942e+00
1.659411729009183878e+00
1.643654582479581627e+00
1.628159915293717397e+00
1.612921144325271339e+00
1.597931905529222485e+00
1.583186044889050015e+00
1.568677609809529860e+00
1.554400840929754501e+00
