5.974587080525971539e-01
5.888886554576119314e-01
5.805442535348762645e-01
5.724166663275830347e-01
5.644975136425810502e-01
5.567788420306499786e-01
5.492530979564672622e-01
5.419131029679273848e-01
5.347520306930622080e-01
5.277633855095760218e-01
5.209409827467473830e-01
5.142789302927931461e-01
5.077716114926595914e-01
5.014136692318044153e-01
4.951999911111239494e-01
4.891256956267197031e-01
4.831861192759426271e-01
4.773768045180613595e-01
4.716934885242125008e-01
4.661320926568744971e-01
4.606887126242962816e-01
4.553596092598679590e-01
4.501411998806491566e-01
4.450300501830412592e-01
4.400228666370436525e-01
4.351164893436859638e-01
4.303078853230412060e-01
4.255941422028336474e-01
4.209724622800333216e-01
4.164401569299582828e-01
4.119946413393876239e-01
4.076334295419922760e-01
4.033541297360214162e-01
3.991544398656996506e-01
3.950321434491639305e-01
3.909851056370435840e-01
3.870112694869382586e-01
3.831086524401185467e-01
3.792753429877556148e-01
3.755094975148998149e-01
3.718093373112328348e-01
3.681731457384175288e-01
3.645992655445326469e-01
3.610860963167846216e-01
3.576320920642402368e-01
3.542357589229140347e-01
3.508956529760299259e-01
3.476103781827876715e-01
3.443785844093680271e-01
3.411989655563441026e-01
