1.249967854421646596e+00
1.232032358727518151e+00
1.214569001874437282e+00
1.197559300231839430e+00
1.180985723391482445e+00
1.164831633482199091e+00
1.149081229063108056e+00
1.133719493197336670e+00
1.118732145347175022e+00
1.104105596766614239e+00
1.089826909098042362e+00
1.075883755907834471e+00
1.062264386920200865e+00
1.048957594731051435e+00
1.035952683803512686e+00
1.023239441564662622e+00
1.010808111439202239e+00
9.986493676702791200e-01
9.867542917907884403e-01
9.751143506202651912e-01
9.637213756732040393e-01
9.525675438742817747e-01
9.416453594847030706e-01
9.309476371518653481e-01
9.204674860016842652e-01
9.101982946995429424e-01
9.001337174117032269e-01
8.902676606045125673e-01
8.805942706236153938e-01
8.711079219999361412e-01
8.618032064332874498e-01
8.526749224082345036e-01
8.437180654002547353e-01
8.349278186334474494e-01
8.262995443538377893e-01
8.178287755850734975e-01
8.095112083356491572e-01
8.013426942290763355e-01
7.933192335304634080e-01
7.854369685448314709e-01
7.776921773642613278e-01
7.700812679425539375e-01
7.626007724775371033e-01
7.552473420825742689e-01
7.480177417300333254e-01
7.409088454506549404e-01
7.339176317738376198e-01
7.270411793948561296e-01
7.202766630559342964e-01
7.136213496289596225e-01
