2.650406934542600901e+00
2.612440380342078150e+00
2.575472136599522788e+00
2.539463148405851634e+00
2.504376373948642875e+00
2.470176656401055215e+00
2.436830605473304878e+00
2.404306487786890933e+00
2.372574125314161009e+00
2.341604801199262731e+00
2.311371172341971647e+00
2.281847188184463526e+00
2.253008015193448621e+00
2.224829966577013263e+00
2.197290436817610271e+00
2.170367840640465396e+00
2.144041556070678034e+00
2.118291871262926396e+00
2.093099934815349172e+00
2.068447709304023885e+00
2.044317927797111523e+00
2.020694053128043066e+00
1.997560239725644005e+00
1.974901297815805368e+00
1.952702659824534503e+00
1.930950348826047325e+00
1.909630948892085511e+00
1.888731577210135404e+00
1.868239857848592811e+00
1.848143897056502949e+00
1.828432259994121623e+00
1.809093948798502050e+00
1.790118381895609900e+00
1.771495374477057627e+00
1.753215120065666266e+00
1.735268173099667299e+00
1.717645432470457090e+00
1.700338125953517299e+00
1.683337795476487875e+00
1.666636283172323152e+00
1.650225718169130884e+00
1.634098504071708646e+00
1.618247307092850251e+00
1.602665044795440030e+00
1.587344875408932765e+00
1.572280187686353692e+00
1.557464591270128151e+00
1.542891907537240703e+00
1.528556160896100247e+00
1.514451570509332656e+00
