6.716093388033244072e-01
6.619913065717404344e-01
6.526264801769322554e-01
6.435049475352981885e-01
6.346173077077557068e-01
6.259546383605015807e-01
6.175084656806202332e-01
6.092707365331360148e-01
6.012337926670549004e-01
5.933903467965780942e-01
5.857334604003512357e-01
5.782565230964664682e-01
5.709532334642319906e-01
5.638175811956984695e-01
5.568438304705587427e-01
5.500265044577077322e-01
5.433603708553712552e-01
5.368404283894913087e-01
5.304618941970796753e-01
5.242201920276050586e-01
5.181109412011766224e-01
5.121299462674828717e-01
5.062731873141544936e-01
5.005368108774390645e-01
4.949171214119695295e-01
4.894105732799039488e-01
4.840137632229194464e-01
4.787234232834186587e-01
4.735364141440039365e-01
4.684497188566510428e-01
4.634604369352346986e-01
4.585657787870776603e-01
4.537630604610443097e-01
4.490496986913622979e-01
4.444232062179449549e-01
4.398811873653599158e-01
4.354213338639356112e-01
4.310414208976559025e-01
4.267393033646214029e-01
4.225129123368508988e-01
4.183602517071331461e-01
4.142793950115005175e-01
4.102684824166832334e-01
4.063257178626359378e-01
4.024493663508985630e-01
3.986377513701860886e-01
3.948892524511654067e-01
3.912023028429242322e-01
3.875753873041150044e-01
3.840070400022352337e-01
