3.209669278617214960e+00
3.164959515860616968e+00
3.121411850117953524e+00
3.078981135229444277e+00
3.037624540813455898e+00
2.997301405434768196e+00
2.957973100814945688e+00
2.919602906127328090e+00
2.882155891513266344e+00
2.845598810039167592e+00
2.809899997389173176e+00
2.775029278654180587e+00
2.740957881638277804e+00
2.707658356156543711e+00
2.675104498846390122e+00
2.643271283057646581e+00
2.612134793425431756e+00
2.581672164764579058e+00
2.551861524956101412e+00
2.522681941524500093e+00
2.494113371630416687e+00
2.466136615226402373e+00
2.438733271144709835e+00
2.411885695905053417e+00
2.385576965047649711e+00
2.359790836812637238e+00
2.334511718001352598e+00
2.309724631867908329e+00
2.285415187901519651e+00
2.261569553370866625e+00
2.238174426511692960e+00
2.215217011247899048e+00
2.192684993344707234e+00
2.170566517900080150e+00
2.148850168087538925e+00
2.127524945069853679e+00
2.106580249009072592e+00
2.086005861103559234e+00
2.065791926587884131e+00
2.045928938635759753e+00
2.026407723110566383e+00
2.007219424111756023e+00
1.988355490269131609e+00
1.969807661740147209e+00
1.951567957868517889e+00
1.933628665465200624e+00
1.915982327675390895e+00
1.898621733397613198e+00
1.881539907223206631e+00
1.864730099866598101e+00
