8.252850333787721260e-01
8.135269758762451175e-01
8.020784522424351248e-01
7.909273475900863160e-01
7.800621716681147566e-01
7.694720191029916778e-01
7.591465326392716761e-01
7.490758691185730456e-01
7.392506679619109677e-01
7.296620219430407506e-01
7.203014500608529991e-01
7.111608723369781115e-01
7.022325863810677804e-01
6.935092455807493339e-01
6.849838387863345091e-01
6.766496713721014133e-01
6.685003475665352024e-01
6.605297539534137341e-01
6.527320440541974911e-01
6.451016239099320870e-01
6.376331385878808433e-01
6.303214595443882295e-01
6.231616727812657741e-01
6.161490677381591397e-01
6.092791268680697314e-01
6.025475158475059878e-01
5.959500743766554809e-01
5.894828075284630486e-01
5.831418776088170830e-01
5.769235964929211313e-01
5.708244184056838755e-01
5.648409331163785074e-01
5.589698595201135767e-01
5.532080395806894257e-01
5.475524326113294649e-01
5.420001098714876120e-01
5.365482494595481544e-01
5.311941314826689187e-01
5.259351334863837657e-01
5.207687261278169943e-01
5.156924690774670195e-01
5.107040071356316879e-01
5.058010665504284464e-01
5.009814515253370182e-01
4.962430409049671254e-01
4.915837850285151855e-01
4.870017027411242538e-01
4.824948785539379115e-01
4.780614599443213653e-01
4.736996547882277309e-01
