4.338894576866993424e-01
4.398044964547855318e-01
4.454990004536343862e-01
4.509776163626508239e-01
4.562462904752805914e-01
4.613117289378951269e-01
4.661810379347609556e-01
4.708614827750247644e-01
4.753603271500894678e-01
4.796847264114558751e-01
4.838416580896220953e-01
4.878378780892356770e-01
4.916798944903788549e-01
4.953739537837413276e-01
4.989260355807872971e-01
5.023418531365668738e-01
5.056268579623758308e-01
5.087862469363344520e-01
5.118249712869107348e-01
5.147477464958714055e-01
5.175590627268867872e-01
5.202631956023071602e-01
5.228642168011069513e-01
5.253660045843382420e-01
5.277722538853096834e-01
5.300864862275643796e-01
5.323120589882079923e-01
5.344521744082667558e-01
5.365098880483576416e-01
5.384881167892898723e-01
5.403896464777233621e-01
5.422171390158752047e-01
5.439731391320450360e-01
5.456600807072587989e-01
5.472802927074836843e-01
5.488360048448829298e-01
5.503293527614177005e-01
5.517623830144910979e-01
5.531370577217188389e-01
5.544552588923252756e-01
5.557187925300156595e-01
5.569293925094158659e-01
5.580887241445450231e-01
5.591983876301603873e-01
5.602599212254395500e-01
5.612748042581870989e-01
5.622444599573362956e-01
5.631702581550196429e-01
5.640535177451343474e-01
5.648955091137352058e-01
