3.211483433113178076e-01
3.253706323990140370e-01
3.294320842562626361e-01
3.333359899592592268e-01
3.370866291674958215e-01
3.406888643407262607e-01
3.441478697448087654e-01
3.474689496449482884e-01
3.506574167109782758e-01
3.537185110302251134e-01
3.566573471811519958e-01
3.594788805971735335e-01
3.621878873012461808e-01
3.647889529652772467e-01
3.672864684795367207e-01
3.696846298665414920e-01
3.719874413450945938e-01
3.741987203186732946e-01
3.763221037969530225e-01
3.783610555413063348e-01
3.803188736233752976e-01
3.821986982927588761e-01
3.840035197366047925e-01
3.857361857422229034e-01
3.873994091324881039e-01
3.889957750485801280e-01
3.905277477330732494e-01
3.919976771740688037e-01
3.934078053500716377e-01
3.947602720629630468e-01
3.960571206223402196e-01
3.973003030663029289e-01
3.984916851231555812e-01
3.996330508903794265e-01
4.007261072134895019e-01
4.017724878582481507e-01
4.027737573331094389e-01
4.037314145661853315e-01
4.046468963312145894e-01
4.055215804429064819e-01
4.063567887835508596e-01
4.071537901634217915e-01
4.079138029548802225e-01
4.086379976266725778e-01
4.093274990799999902e-01
4.099833888840725971e-01
4.106067073697368119e-01
4.111984556133639890e-01
4.117595972120914882e-01
4.122910601387060336e-01
