2.694920431964376029e+00
2.656792287799444541e+00
2.619658661370291686e+00
2.583480829118567801e+00
2.548222057007730523e+00
2.513847474223377176e+00
2.480323956380796613e+00
2.447620017414907423e+00
2.415705709408347612e+00
2.384552529685707078e+00
2.354133334565946978e+00
2.324422259222756804e+00
2.295394643153741754e+00
2.267026960805647473e+00
2.239296756943895517e+00
2.212182586392143158e+00
2.185663957800709323e+00
2.159721281132986004e+00
2.134335818585970657e+00
2.109489638685720703e+00
2.085165573320411525e+00
2.061347177494029737e+00
2.038018691601625410e+00
2.015165006043659890e+00
1.992771628011917429e+00
1.970824650292933411e+00
1.949310721947417946e+00
1.928217020735216058e+00
1.907531227165742527e+00
1.887241500063156607e+00
1.867336453544000463e+00
1.847805135312972080e+00
1.828637006189521186e+00
1.809821920784611793e+00
1.791350109252841882e+00
1.773212160050839037e+00
1.755399003637599931e+00
1.737901897057371414e+00
1.720712409349708594e+00
1.703822407735408939e+00
1.687224044530593270e+00
1.670909744744457637e+00
1.654872194319445988e+00
1.639104328975274472e+00
1.623599323620934953e+00
1.608350582301216303e+00
1.593351728646514642e+00
1.578596596796714380e+00
1.564079222771983302e+00
1.549793836264908187e+00
