5.743381886333025488e-01
5.835264992223888614e-01
5.923850752970738487e-01
6.009377287470506479e-01
6.091934279209745284e-01
6.171638989217432814e-01
6.248627312009502610e-01
6.322993211821607007e-01
6.394854955879945013e-01
6.464228380294595455e-01
6.531405295671180999e-01
6.596300947565588713e-01
6.659062792749023130e-01
6.719779563611262274e-01
6.778530860691055482e-01
6.835388289586981081e-01
6.890439224026365661e-01
6.944024193741250572e-01
6.995258154117555138e-01
7.045311283225420551e-01
7.094071163670327973e-01
7.140939897741046538e-01
7.185835305514042259e-01
7.229800123778405974e-01
7.272413350597890513e-01
7.313707975150536278e-01
7.353725609053295420e-01
7.392536136296796734e-01
7.430125041333107694e-01
7.466556597533690054e-01
7.501870188780923598e-01
7.536069291726994468e-01
7.569242700356175746e-01
7.601405516889541136e-01
7.632592334934784617e-01
7.680548938586867491e-01
7.692190203366080503e-01
7.720612631523047220e-01
7.748173005442203776e-01
7.774888115132265742e-01
7.799836723692871177e-01
7.825786926337844340e-01
7.850203061747764721e-01
7.873828336636728986e-01
7.896514562071543786e-01
7.918876963835199678e-01
7.940364747811259338e-01
7.961188200129308834e-01
7.970959589113777444e-01
8.000622183730363712e-01
