7.540279812091519318e-01
7.640881634516396570e-01
7.737731404742482777e-01
7.830903161539134461e-01
7.920494441184344758e-01
8.006616723786686984e-01
8.089389048595685416e-01
8.168933727234439779e-01
8.245373467524403921e-01
8.318829456569061254e-01
8.389420101546788411e-01
8.457260225833080902e-01
8.522460578958429567e-01
8.585127568863716307e-01
8.645363145028764906e-01
8.703264787692230886e-01
8.758925569767077590e-01
8.812434265972424186e-01
8.863875495429404117e-01
8.913329882374654289e-01
8.960874228566045874e-01
9.006581690450404798e-01
9.050521957118733418e-01
9.092761425066034908e-01
9.133363369123131958e-01
9.172388108239133420e-01
9.209893162510128795e-01
9.245933404454137472e-01
9.280561203616586319e-01
9.313826561156923756e-01
9.345777239015060633e-01
9.376458882247051818e-01
9.405915132141572377e-01
9.434187734607670794e-01
9.461316641278701978e-01
9.487340105466771645e-01
9.512294771070983757e-01
9.536215756871916360e-01
9.559136736302146220e-01
9.581090011061901279e-01
9.602106581119623785e-01
9.622216210864115160e-01
9.641447490372726525e-01
9.659827893656847131e-01
9.677383833376993483e-01
9.694140711913777908e-01
9.710122970614588622e-01
9.725354134648859228e-01
9.739856856241255745e-01
9.753652955342042574e-01
