6.120021693400924390e-01
6.206482960189225739e-01
6.289923309650793382e-01
6.370401517126258462e-01
6.447995016249382649e-01
6.522792305799443024e-01
6.594887880738381503e-01
6.664378833792445889e-01
6.731362577667736602e-01
6.795935327912466795e-01
6.858191107138356113e-01
6.918221109249553802e-01
6.976113313234137969e-01
7.031952270865118315e-01
7.085819015026606493e-01
7.137791050519739500e-01
7.187942402915004081e-01
7.236343704846819325e-01
7.283062307645085109e-01
7.328162408395456628e-01
7.371705185271498761e-01
7.413748936908791665e-01
7.454349222823676291e-01
7.493559000836504946e-01
7.531428761421287144e-01
7.568006658218213722e-01
7.603338631568248296e-01
7.637468528245588972e-01
7.670438214035019131e-01
7.702287680636551448e-01
7.733055147524009465e-01
7.762777157192096711e-01
7.791488665268155867e-01
7.819223125402550156e-01
7.846012569369769096e-01
7.871887681996991848e-01
7.896877871836378571e-01
7.921011337550397657e-01
7.944315130287704640e-01
7.966815212375455424e-01
7.988536512422932390e-01
8.009502977197663354e-01
8.029737620304353563e-01
8.049262568209170077e-01
8.068099103140657924e-01
8.086267703825337216e-01
8.103788083897354166e-01
8.120679228102759550e-01
8.136959425710533766e-01
8.152646303007649031e-01
