6.396438442953175096e-01
6.491391365362100263e-01
6.582770226158440874e-01
6.670581772163793888e-01
6.755011049775254683e-01
6.836152621552882280e-01
6.914227805253604364e-01
6.989288527814464524e-01
7.061469425688770007e-01
7.130819764580046405e-01
7.197681864562680554e-01
7.261929297000742078e-01
7.323765134199252680e-01
7.383288140823992540e-01
7.440596094551795714e-01
7.495776037035972728e-01
7.548850144085955671e-01
7.600151225146364320e-01
7.649356142268360914e-01
7.696984680270947399e-01
7.741791030838559573e-01
7.785809540895211045e-01
7.829128247203051005e-01
7.870019531243388489e-01
7.909478741166027227e-01
7.947515088049245113e-01
7.984179856074139492e-01
8.019594770514041349e-01
8.053668603486138222e-01
8.086514533976204566e-01
8.118172366827091091e-01
8.148694356302164099e-01
8.178116713875170918e-01
8.206477711791747565e-01
8.233810128801442030e-01
8.294470667794886509e-01
8.285529723275187886e-01
8.309980085728482235e-01
8.333537698547203165e-01
8.356229782476558565e-01
8.376959309967767497e-01
8.399148247921496280e-01
8.419159714745243495e-01
8.438674553686043023e-01
8.457470610792086063e-01
8.475461651362110604e-01
8.492813193601159716e-01
8.509498382952612738e-01
8.516446269694659676e-01
8.541280313481801612e-01
