7.955753197151582690e-01
7.842668152336137455e-01
7.732561182805418598e-01
7.625315712221033548e-01
7.520821175377715440e-01
7.418972635565967977e-01
7.319670430799830596e-01
7.222819846400689858e-01
7.128330811674407075e-01
7.036117618637959259e-01
6.946098660947929160e-01
6.858196191358030269e-01
6.772336096188912302e-01
6.688447685434448786e-01
6.606463497253648454e-01
6.526319115711115559e-01
6.447953000729974571e-01
6.371306329313158878e-01
6.296322847171352821e-01
6.222948729970129156e-01
6.151132453476787498e-01
6.080824671947501203e-01
6.011978104151297631e-01
5.944547426477031493e-01
5.878489172614940195e-01
5.813761639345891297e-01
5.750324798008679128e-01
5.688140211250111156e-01
5.627170954693698768e-01
5.567381543191134430e-01
5.508737861346759690e-01
5.451207098028982845e-01
5.394757684604072345e-01
5.339359236647891471e-01
5.284982498909135407e-01
5.231599293314432852e-01
5.179182469820837742e-01
5.127705859935564048e-01
5.077144232735392171e-01
5.027473253230512196e-01
4.978669442928003730e-01
4.930710142460794088e-01
4.883573476156795046e-01
4.837238318431766881e-01
4.791684261897280472e-01
4.746891587082519570e-01
4.702841233675454924e-01
4.659514773195093662e-01
4.616894383012531966e-01
4.574962821643584476e-01
