4.393323771080887008e-01
4.463155331415732396e-01
4.530451962190266135e-01
4.595397190592303560e-01
4.658060920664491844e-01
4.718533521132702302e-01
4.776919223799472869e-01
4.833291467250749318e-01
4.887741237285324614e-01
4.940280168037138320e-01
4.991134909790053698e-01
5.040238418882838634e-01
5.087704732383644401e-01
5.133602186386911903e-01
5.177992029004717667e-01
5.220929387111697961e-01
5.262481444324580426e-01
5.302909338580917842e-01
5.341535145341910207e-01
5.379255773098345905e-01
5.415984828870206158e-01
5.451264730223166488e-01
5.485032452600039354e-01
5.518087768439722263e-01
5.550107139554222302e-01
5.581116393602405523e-01
5.611147518971933978e-01
5.640253449635762584e-01
5.668424530419905460e-01
5.695709411544104261e-01
5.722138340392459721e-01
5.747714041025400178e-01
5.772504612169148119e-01
5.796521678724332327e-01
5.819791798234823510e-01
5.855473102079706837e-01
5.864208021797766568e-01
5.885362948113810333e-01
5.905858368253755764e-01
5.925707221467821917e-01
5.944221825806109694e-01
5.963468581757329634e-01
5.981559264449590740e-01
5.999044835964780775e-01
6.015812352975841160e-01
6.032333101567306510e-01
6.048184864901589020e-01
6.063528854830183557e-01
6.070387226344791110e-01
6.092524804714853914e-01
