6.118945891461485820e-01
6.030954379595524495e-01
5.945278327833077858e-01
5.861827107134266468e-01
5.780514761657703504e-01
5.701259711280831644e-01
5.623984476562063906e-01
5.548615424194016654e-01
5.475082531188337764e-01
5.403319166203430779e-01
5.333261886578292144e-01
5.264850249771785284e-01
5.198026638028464541e-01
5.132736095200886028e-01
5.068926174756173131e-01
5.006546798082596172e-01
4.945550122290791051e-01
4.885890416775467981e-01
4.827523947867738974e-01
4.770408870965892056e-01
4.714505129584996013e-01
4.659774360813021543e-01
4.606179806703971091e-01
4.553686231177717647e-01
4.502259842030992831e-01
4.451868217696839380e-01
4.402480238418252645e-01
4.354066021528845143e-01
4.306596860557383444e-01
4.260045167895056273e-01
4.214384420784746399e-01
4.169589110409750998e-01
4.125634693876437109e-01
4.082497548900688722e-01
4.040154931022108542e-01
3.998584933183037537e-01
3.957766447521224307e-01
3.917679129235956403e-01
3.878303362397549359e-01
3.839620227579378375e-01
3.801611471199989323e-01
3.764259476470872556e-01
3.727547235852577412e-01
3.691458324928597601e-01
3.655976877612600040e-01
3.621087562610276200e-01
3.586775561062282014e-01
3.553026545299835526e-01
3.519826658648730899e-01
3.487162496221959396e-01
