6.502199832475062946e-01
6.408797773407407528e-01
6.317853781686761927e-01
6.229271644443040712e-01
6.142960109968071958e-01
6.058832571904031461e-01
5.976806777256790104e-01
5.896804556163117716e-01
5.818751571543776535e-01
5.742577086955957810e-01
5.668213751119715038e-01
5.595597397737587242e-01
5.524666859355874537e-01
5.455363794131469213e-01
5.387632524472252271e-01
5.321419886612184236e-01
5.256675090266134109e-01
5.193349587585154303e-01
5.131396950700775061e-01
5.070772757208777959e-01
5.011434482998087248e-01
4.953341401880936856e-01
4.896454491526008312e-01
4.840736345237502403e-01
4.786151089160445293e-01
4.732664304526966181e-01
4.680242954588895721e-01
4.628855315910396784e-01
4.578470913720079083e-01
4.529060461045526509e-01
4.480595801374379072e-01
4.433049854605973228e-01
4.386396566075215220e-01
4.340610858446832254e-01
4.295668586293190372e-01
4.251546493182636333e-01
4.208222171117878552e-01
4.165674022175626656e-01
4.123881222209374031e-01
4.082823686486940495e-01
4.042482037143529383e-01
4.002837572339446037e-01
3.963872237018987721e-01
3.925568595174522835e-01
3.887909803526113373e-01
3.850879586533018650e-01
3.814462212659084361e-01
3.778642471819336768e-01
3.743405653939627098e-01
3.708737528565795860e-01
