1.426185357607504978e+00
1.446032388729911577e+00
1.465161613184274625e+00
1.483587739567358010e+00
1.501329760859484441e+00
1.518409187257474091e+00
1.534848867858339405e+00
1.550672201624909929e+00
1.565902609660224210e+00
1.580563184897638696e+00
1.594676463238717368e+00
1.608264278605908926e+00
1.621347675683517675e+00
1.633946863486796630e+00
1.646081196501571142e+00
1.657769175158169794e+00
1.669028459509476425e+00
1.679875891400723908e+00
1.690327522635379554e+00
1.700398646302651029e+00
1.710103830113120615e+00
1.719456950466329737e+00
1.728471226566256735e+00
1.737159253801592973e+00
1.745533036322491460e+00
1.753604018636761186e+00
1.761383115404991484e+00
1.768880740214950231e+00
1.776106832982408124e+00
1.783070885463311717e+00
1.789781965750225634e+00
1.796248741412311167e+00
1.802479500911128518e+00
1.808482174106656570e+00
1.814264351384352825e+00
1.819833301801152992e+00
1.825195989889744963e+00
1.830359091593762200e+00
1.835329009347347773e+00
1.840111885984825779e+00
1.844713617969396591e+00
1.849139867898188072e+00
1.853396076076736954e+00
1.857487471522049294e+00
1.861419082304803574e+00
1.865195745192176124e+00
1.868822114964271197e+00
1.872302672892810937e+00
1.875641734897171009e+00
1.878843459226498647e+00
