1.465117011961316384e+00
1.444384468785684161e+00
1.424195572170081858e+00
1.404529093966764508e+00
1.385364898756455521e+00
1.366683874381093178e+00
1.348467867711605539e+00
1.330699625196022362e+00
1.313362737777896472e+00
1.296441589814594675e+00
1.279921311660621619e+00
1.263787735612677654e+00
1.248027354941602773e+00
1.232627285761682012e+00
1.217575231510614975e+00
1.202859449833918681e+00
1.188468721685923546e+00
1.174392322476155215e+00
1.160619995104786639e+00
1.147141924744427222e+00
1.133948715237634630e+00
1.121031366990626221e+00
1.108381256253690328e+00
1.095990115687795585e+00
1.083850016125199378e+00
1.071953349439304093e+00
1.060292812445827071e+00
1.048861391763545203e+00
1.037652349568518817e+00
1.026659210180861814e+00
1.015875747427817277e+00
1.005295972731212517e+00
9.949141238713009594e-01
9.847246543825595166e-01
9.747222235403959489e-01
9.649016869006478148e-01
9.552580873566098862e-01
9.457866466808378947e-01
9.364827575213394706e-01
9.273419758239160871e-01
9.183600136544028958e-01
9.095327323964063071e-01
9.008561363018044998e-01
8.923263663728295825e-01
8.839396945560421548e-01
8.756925182297593535e-01
8.675813549677854342e-01
8.596028375634345853e-01
8.517537092988405334e-01
8.440308194455712343e-01
