2.647880386658518770e+00
2.610438829024322782e+00
2.573973272815067492e+00
2.538445728656456346e+00
2.503820158514934224e+00
2.470062351843629322e+00
2.437139811050194282e+00
2.405021645477775749e+00
2.373678473169533287e+00
2.343082329757794735e+00
2.313206583881914025e+00
2.284025858595176928e+00
2.255515958271634425e+00
2.227653800568649700e+00
2.200417353041802304e+00
2.173785574044848623e+00
2.147738357580500246e+00
2.122256481797017091e+00
2.097321560852476452e+00
2.072915999892329886e+00
2.049022952907828987e+00
2.025626283262322413e+00
2.002710526690421045e+00
1.980260856591004259e+00
1.958263051449824488e+00
1.936703464240674855e+00
1.915568993666345143e+00
1.894847057111380240e+00
1.874525565189033571e+00
1.854592897773688520e+00
1.835037881418589700e+00
1.815849768066263303e+00
1.797018214966112470e+00
1.778533265719977940e+00
1.760385332382464973e+00
1.742565178548102223e+00
1.725063903362406226e+00
1.707872926398497304e+00
1.690983973345022706e+00
1.674389062455067689e+00
1.658080491709240656e+00
1.642050826649285478e+00
1.626292888841851081e+00
1.610799744934500399e+00
1.595564696268851446e+00
1.580581269017974577e+00
1.565843204817428669e+00
1.551344451861377927e+00
1.537079156436978122e+00
1.523041654872113737e+00
