2.501718177466011106e+00
2.466388808392444787e+00
2.431981970717425501e+00
2.398461724143846840e+00
2.365793975556984119e+00
2.333946361730248054e+00
2.302888140862175970e+00
2.272590092178175425e+00
2.243024422905717685e+00
2.214164681998611606e+00
2.185985680045614110e+00
2.158463414852156426e+00
2.131575002231624438e+00
2.105298611585374235e+00
2.079613405889297884e+00
2.054499485738952025e+00
2.029937837136547518e+00
2.005910282730937411e+00
1.982399436246971014e+00
1.959388659863360971e+00
1.936862024318742215e+00
1.914804271544282122e+00
1.893200779638013032e+00
1.872037530011369189e+00
1.851301076552333447e+00
1.830978516662097766e+00
1.811057464033807518e+00
1.791526023052228966e+00
1.772372764702835557e+00
1.753586703887391351e+00
1.735157278051189467e+00
1.717074327034166847e+00
1.699328074064990535e+00
1.681909107822983529e+00
1.664808365498689824e+00
1.648017116788637715e+00
1.631526948764803420e+00
1.615329751563427951e+00
1.599417704841903598e+00
1.583783264955989756e+00
1.568419152813090633e+00
1.553318342360304971e+00
1.538474049668888011e+00
1.523879722579345675e+00
1.509529030873876909e+00
1.495415856945003341e+00
1.481534286931492916e+00
1.467878602294391932e+00
1.454443271807930538e+00
1.441222943941616208e+00
