7.466601318698928846e-01
7.574675818772506064e-01
7.678905786962911817e-01
7.779376170183401884e-01
7.876193037912558870e-01
7.969474610188157504e-01
8.059345297769713312e-01
8.145931728062526522e-01
8.229360106906595806e-01
8.309754477919634175e-01
8.387235599264004637e-01
8.461920244813380121e-01
8.533920795022865713e-01
8.603345032272223802e-01
8.670296074417782606e-01
8.734872402613509390e-01
8.797167955326485878e-01
8.857272261897688459e-01
8.915270605746320465e-01
8.971244201401469276e-01
9.025270378897312096e-01
9.077422773097726383e-01
9.127771508898862018e-01
9.176383384515190977e-01
9.223322046410558084e-01
9.268648161384043238e-01
9.312419576270878352e-01
9.354691473813983027e-01
9.395516518133997241e-01
9.434944992570258870e-01
9.473024931231520673e-01
9.509802240841233045e-01
9.545320816934735886e-01
9.579622652629539159e-01
9.612747940363344235e-01
9.644735169038310962e-01
9.675621212891192258e-01
9.705441417002524940e-01
9.734229676925519881e-01
9.762018512915144886e-01
9.788839140244330883e-01
9.814721535650441364e-01
9.839694498466013961e-01
9.863785709658298151e-01
9.887021786245576704e-01
9.909428332877489032e-01
9.931029990317592482e-01
9.951850481886967970e-01
9.971912655366009792e-01
9.991238524780441388e-01
