9.997874462892242242e-01
1.017024207116359769e+00
1.033668682227712354e+00
1.049770240936847010e+00
1.065339437978340742e+00
1.080398267309667482e+00
1.094974854296717481e+00
1.109079964067881674e+00
1.122734676035201495e+00
1.135941553694247652e+00
1.148753157174800865e+00
1.161153677002377371e+00
1.173171897083767901e+00
1.184823815809116665e+00
1.196124145004575867e+00
1.207085456505670562e+00
1.217722350187060210e+00
1.228121862641566198e+00
1.238052698871205726e+00
1.247800828356945724e+00
1.257298876868504722e+00
1.266472767707014224e+00
1.275312230238696554e+00
1.283969573658318319e+00
1.292390788091319465e+00
1.300578492797072050e+00
1.308540037183973270e+00
1.316292080341997073e+00
1.323823913424364118e+00
1.331151207604649667e+00
1.338281016629761178e+00
1.345212806382831916e+00
1.351965378030247189e+00
1.358540526696299544e+00
1.364944472007891374e+00
1.375948499200237096e+00
1.377267996263854100e+00
1.383186816838271049e+00
1.388954782870970295e+00
1.394574104042589413e+00
1.399847673022571737e+00
1.405363000478681235e+00
1.410571061314945362e+00
1.415649028611804194e+00
1.420550900416989171e+00
1.425416591274494715e+00
1.430118597615229081e+00
1.434704111210586941e+00
1.437066537706091607e+00
1.443483722594589125e+00
