2.632315778718264387e-01
2.666018274709515690e-01
2.698460917158623795e-01
2.729665699720859040e-01
2.759663345092901454e-01
2.788489867258397426e-01
2.816184264272036386e-01
2.842786961983141403e-01
2.868338763450847817e-01
2.892880142771962482e-01
2.916450776139029588e-01
2.939089236750588308e-01
2.960832804914090843e-01
2.981717357625911502e-01
3.001777314920904272e-01
3.021045624284190434e-01
3.039553772687822453e-01
3.057331816693981685e-01
3.074408424882669744e-01
3.090810928061235030e-01
3.106565373901270521e-01
3.121696584193601742e-01
3.136228213153291478e-01
3.150182804392603897e-01
3.163581847670818847e-01
3.176445833807317043e-01
3.188794306873197204e-01
3.200645914999401542e-01
3.212018458517476582e-01
3.222928934997240091e-01
3.233393583132558868e-01
3.243427923412715574e-01
3.253046796478051839e-01
3.262264399536200510e-01
3.271094320739853512e-01
3.279549571297681876e-01
3.287642615783327171e-01
3.295385400624031291e-01
3.302789380879663228e-01
3.309865545448812951e-01
3.316624440740903457e-01
3.323076192970460530e-01
3.329230529084425405e-01
3.335096796487193593e-01
3.340683981422856719e-01
3.346000726603520214e-01
3.351055347767074588e-01
3.355855849119682710e-01
3.360409937456771967e-01
3.364725036597851493e-01
