1.193825863633861228e+00
1.176820081147159414e+00
1.160260933508931780e+00
1.144130962856525491e+00
1.128413610629657171e+00
1.113093160368084478e+00
1.098154684821946336e+00
1.083583997000056920e+00
1.069367604818195483e+00
1.055492669042227050e+00
1.041946964250059837e+00
1.028718842562551750e+00
1.015797199916919524e+00
1.003171444677010360e+00
9.908314683936915168e-01
9.787676185454237121e-01
9.669706731042958525e-01
9.554318167864218614e-01
9.441426188579657985e-01
9.330950123792088879e-01
9.222812747790252175e-01
9.116940096613714850e-01
9.013261297535298811e-01
8.911708409133698439e-01
8.812216271196564588e-01
8.714722363756227663e-01
8.619166674615963419e-01
8.525491574776135062e-01
8.433641701215665032e-01
8.343563846527425332e-01
8.255206854943722972e-01
8.168521524324990901e-01
8.083460513715806650e-01
7.999978256103007501e-01
7.918030876037330801e-01
7.837576111805126811e-01
7.758573241859434422e-01
7.680983015241162892e-01
7.604767585739785618e-01
7.529890449561172927e-01
7.456316386286692133e-01
7.384011402922202594e-01
7.312942680850180732e-01
7.243078525510450172e-01
7.174388318647308971e-01
7.106842472971559577e-01
7.040412389095959123e-01
6.975070414612396519e-01
6.910789805187462775e-01
6.847544687560971344e-01
