7.138510464394363098e-01
7.036089834178127500e-01
6.936364710901514741e-01
6.839229589449314917e-01
6.744584404920987986e-01
6.652334186329762478e-01
6.562388736426449931e-01
6.474662335376828448e-01
6.389073466244676869e-01
6.305544560430849099e-01
6.224001761395892007e-01
6.144374705152336746e-01
6.066596316153883839e-01
5.990602617336296953e-01
5.916332553177792164e-01
5.843727824749996858e-01
5.772732735821608507e-01
5.703294049160353429e-01
5.635360852253302744e-01
5.568884431732961104e-01
5.503818155857759242e-01
5.440117364450440807e-01
5.377739265747821795e-01
5.316642839661044340e-01
5.256788746985873173e-01
5.198139244140669302e-01
5.140658103043166394e-01
5.084310535768251649e-01
5.029063123657150358e-01
4.974883750574310426e-01
4.921741540031189799e-01
4.869606795918513531e-01
4.818450946607200636e-01
4.768246492197035780e-01
4.718966954707849437e-01
4.670586831023771923e-01
4.623081548414297859e-01
4.576427422469341311e-01
4.530601617296456385e-01
4.485582107839857779e-01
4.441347644190093424e-01
4.397877717763025163e-01
4.355152529234664338e-01
4.313152958126510450e-01
4.271860533943129257e-01
4.231257408770111028e-01
4.191326331247281489e-01
4.152050621836853583e-01
4.113414149312384915e-01
4.075401308398441391e-01
