2.859428705545993932e+00
2.819584611735812096e+00
2.780780054600715978e+00
2.742974566801764436e+00
2.706129759624100739e+00
2.670209191047678843e+00
2.635178243747294147e+00
2.601004012160548662e+00
2.567655197846605564e+00
2.535102012433937180e+00
2.503316087522273303e+00
2.472270390964005138e+00
2.441939149003950593e+00
2.412297773804512158e+00
2.383322795926338777e+00
2.354991801373507165e+00
2.327283372847010146e+00
2.300177034881843330e+00
2.273653202571246368e+00
2.247693133607305604e+00
2.222278883390247373e+00
2.197393262979559836e+00
2.173019799679238417e+00
2.149142700066493106e+00
2.125746815288893199e+00
2.102817608469140787e+00
2.080341124069595704e+00
2.058303959080299173e+00
2.036693235905123078e+00
2.015496576830317021e+00
1.994702079968670771e+00
1.974298296580765832e+00
1.954274209682071772e+00
1.934619213851667574e+00
1.915323096164459615e+00
1.896376018174664280e+00
1.877768498883457760e+00
1.859491398628628556e+00
1.841535903838513066e+00
1.823893512596511668e+00
1.806556020966398890e+00
1.789515510031966405e+00
1.772764333607849574e+00
1.756295106581297061e+00
1.740100693847393520e+00
1.724174199802779084e+00
1.708508958365215324e+00
1.693098523488542506e+00
1.677936660144554226e+00
1.663017335745181846e+00
