1.768636464425354715e+00
1.798521875952527882e+00
1.827433114725055541e+00
1.855400100167944766e+00
1.882455222144963747e+00
1.908631935413622749e+00
1.933963843433937679e+00
1.958484104519131463e+00
1.982225053628023481e+00
2.005217969426097646e+00
2.027492939210248313e+00
2.049078790476283274e+00
2.070003067125377516e+00
2.090292036037456835e+00
2.109970713280521881e+00
2.129062903380428917e+00
2.147591246359838557e+00
2.165577268992837201e+00
2.183041438586340810e+00
2.200003216818866569e+00
2.216481113132640957e+00
2.232492736685796952e+00
2.248054846285618247e+00
2.263183398152946779e+00
2.277893591674857721e+00
2.292199912264480943e+00
2.306116172311198476e+00
2.319655549052115351e+00
2.332830621253774162e+00
2.345653402595428982e+00
2.358135373395895407e+00
2.370287510762625782e+00
2.382120316178700570e+00
2.393643841687554730e+00
2.404867714317057370e+00
2.415801159179470137e+00
2.426453020764031798e+00
2.436831783080751990e+00
2.446945588683719031e+00
2.456802256158475917e+00
2.466409296733412138e+00
2.475773929960909836e+00
2.484903098177154490e+00
2.493803480248015791e+00
2.502481504546818947e+00
2.510943360987919259e+00
2.519195012520731414e+00
2.527242205632691086e+00
2.535090480737498098e+00
2.542745181634208596e+00
