4.984478756340941508e-01
5.063971228649101208e-01
5.140595050003323729e-01
5.214557642583169672e-01
5.285937560762645759e-01
5.354836942706594494e-01
5.421373876721471419e-01
5.485630782214907519e-01
5.547710585396344873e-01
5.607626760480538541e-01
5.665634468175195781e-01
5.721658922666476021e-01
5.775828784852695685e-01
5.828221318332486023e-01
5.878905803894961535e-01
5.927944580822289700e-01
5.975413671881529831e-01
6.021608982149152522e-01
6.065761865117069718e-01
6.108888907594185458e-01
6.150892344731854200e-01
6.191253100351898908e-01
6.229899761139814363e-01
6.267738526727991699e-01
6.304403158918675532e-01
6.339922620423585897e-01
6.374333111679258979e-01
6.407694984982940101e-01
6.439996459380509242e-01
6.471293022833263242e-01
6.501618922193375116e-01
6.530977207794114170e-01
6.559445042485867461e-01
6.587035571668923284e-01
6.613778870895675732e-01
6.654840695819954632e-01
6.664856105597821712e-01
6.689199977219763005e-01
6.712795661028306826e-01
6.735657780798018912e-01
6.756996423476007152e-01
6.779185122461052204e-01
6.800052294889937787e-01
6.820233016909028612e-01
6.839598902579621109e-01
6.858684321601273837e-01
6.877010697426421126e-01
6.894760749217798690e-01
6.902901669157650577e-01
6.928340706282204442e-01
