4.671629503557877539e-01
4.742930144139239079e-01
4.811568319858487985e-01
4.877730379293087615e-01
4.941473139902193834e-01
5.002888862882010068e-01
5.062101706844306381e-01
5.119163100328538718e-01
5.174166298002819131e-01
5.227129288925539408e-01
5.278287505786343203e-01
5.327564952059083980e-01
5.375091500894082497e-01
5.420937729935776384e-01
5.465170334541610275e-01
5.507848182736727605e-01
5.549038889198680824e-01
5.589021743807728315e-01
5.627104126440123366e-01
5.664219268384467210e-01
5.700185819367773465e-01
5.734684109477634628e-01
5.767662601842489245e-01
5.799790761612367840e-01
5.830839501518122470e-01
5.860822091951308765e-01
5.889774081540180006e-01
5.917774196732027425e-01
5.944772026351021754e-01
5.970841239616223595e-01
5.996014755864215173e-01
6.020301503099011464e-01
6.043767691019242827e-01
6.066428833960759714e-01
6.088313291568704377e-01
6.132705692960308541e-01
6.129873813262269877e-01
6.149566368324227428e-01
6.168578122570966826e-01
6.186924021647186578e-01
6.203695997579652399e-01
6.221641164365493415e-01
6.238151436967136476e-01
6.254074285183988113e-01
6.269288556129711809e-01
6.284184822140673754e-01
6.298431487203800527e-01
6.312160792731980052e-01
6.317120464651593270e-01
6.337973091689028671e-01
