2.797748027703050866e+00
2.839678091924718650e+00
2.880186787319531039e+00
2.919305202512630260e+00
2.957072164622317256e+00
2.993530951505949833e+00
3.028727109654509420e+00
3.062707000515051181e+00
3.095516834457326727e+00
3.127202034932058616e+00
3.157806827623070856e+00
3.187373984956306749e+00
3.215944676490854359e+00
3.243558394263067246e+00
3.270252927992840952e+00
3.296064375587420603e+00
3.321027177011154574e+00
3.345174163108519227e+00
3.368536614879753532e+00
3.391144327912769540e+00
3.413025680010196794e+00
3.434207699584800100e+00
3.454716133514751153e+00
3.474575513568787244e+00
3.493809220710743624e+00
3.512439547100520532e+00
3.530487754945247136e+00
3.547974132573725736e+00
3.564918048134134043e+00
3.581337999582430154e+00
3.597251662178689191e+00
3.612675933701375630e+00
3.627626976208524923e+00
3.642120255847746346e+00
3.656170580025387196e+00
3.669792132674768670e+00
3.682998506880938994e+00
3.695802735814787798e+00
3.708217322002158589e+00
3.720254264291739776e+00
3.731925083506248519e+00
3.743240846692678314e+00
3.754212189545405920e+00
3.764849337742321556e+00
3.775162127048977911e+00
3.785160021968866584e+00
3.794852133686455353e+00
3.804247236558484513e+00
3.813353784119692946e+00
3.822179923716591876e+00
