4.195801815441821403e-01
4.253043819007456539e-01
4.308152635185640844e-01
4.361173235271308957e-01
4.412163151347612833e-01
4.461187257850011689e-01
4.508314293623841285e-01
4.553614533080436177e-01
4.597158232458681271e-01
4.639014598443063631e-01
4.679251116479664074e-01
4.717933127602349508e-01
4.755123575396675850e-01
4.790882873029691513e-01
4.825268852093334560e-01
4.858336768016584539e-01
4.890139344659042431e-01
4.920726843132195438e-01
4.950147148730120183e-01
4.978445866749491855e-01
5.005666423395833675e-01
5.031850170121134891e-01
5.057036485803343417e-01
5.081262878866580346e-01
5.104565084939260977e-01
5.126977162269936716e-01
5.148531582038207155e-01
5.169259314825777052e-01
5.189189912747401712e-01
5.208351586961635915e-01
5.226771281143641756e-01
5.244474740387315981e-01
5.261486576662595116e-01
5.277830329956502142e-01
5.293528525597359646e-01
5.308602729022068312e-01
5.323073595920256862e-01
5.336960920453308610e-01
5.350283680171104006e-01
5.363060077899539646e-01
5.375307581409731750e-01
5.387042960893180243e-01
5.398282323459976384e-01
5.409041146460734639e-01
5.419334308282550694e-01
5.429176117473082375e-01
5.438580339882983505e-01
5.447560224885596991e-01
5.456128529424947304e-01
5.464297541327113317e-01
