1.299957483503278111e+00
1.281347405373477022e+00
1.263225290791789579e+00
1.245572081188530467e+00
1.228369699268992088e+00
1.211600986619417508e+00
1.195249646015720257e+00
1.179300188026467966e+00
1.163737881541707209e+00
1.148548707894837095e+00
1.133719318276717569e+00
1.119236994169503063e+00
1.105089610553293911e+00
1.091265601661440154e+00
1.077753929080836670e+00
1.064544052011922703e+00
1.051625899519673446e+00
1.038989844621750480e+00
1.026626680073409403e+00
1.014527595720911446e+00
1.002684157306177548e+00
9.910882866152189719e-01
9.797322428720757204e-01
9.686086052879168129e-01
9.577102566825229646e-01
9.470303681019945907e-01
9.365623843627276512e-01
9.263000104571428306e-01
9.162371987618704861e-01
9.063681369936325005e-01
8.966872368622971212e-01
8.871891233744667593e-01
8.778686247445154356e-01
8.687207628731502540e-01
8.597407443566216223e-01
8.509239519923674777e-01
8.422659367494090832e-01
8.337624101740783722e-01
8.254092372037840075e-01
8.172024293634697623e-01
8.091381383211725398e-01
8.012126497807634529e-01
7.934223776914686166e-01
7.857638587551321052e-01
7.782337472135474332e-01
7.708288098992920334e-01
7.635459215346747097e-01
7.563820602643912538e-01
7.493343034084423149e-01
7.423998234227372484e-01
