2.819202638850094367e+00
2.779375193344369777e+00
2.740584092356497248e+00
2.702789037425941565e+00
2.665951798665981975e+00
2.630036083533703106e+00
2.595007415473101542e+00
2.560833021575103174e+00
2.527481728481990153e+00
2.494923865838402754e+00
2.463131176658073240e+00
2.432076734034726240e+00
2.401734863679148013e+00
2.372081071812229602e+00
2.343091977986452523e+00
2.314745252447232282e+00
2.287019557679839110e+00
2.259894493819061267e+00
2.233350547626838711e+00
2.207369044768649147e+00
2.181932105142300404e+00
2.157022601033581566e+00
2.132624117892228721e+00
2.108720917538545958e+00
2.085297903626730065e+00
2.062340589204867403e+00
2.039835066224592097e+00
2.017767976864904167e+00
1.996126486545422241e+00
1.974898258513987148e+00
1.954071429902463963e+00
1.933634589152599226e+00
1.913576754721385331e+00
1.893887354981925952e+00
1.874556209242350446e+00
1.855573509810664712e+00
1.836929805038995056e+00
1.818615983285306159e+00
1.800623257735124216e+00
1.782943152029999201e+00
1.765567486652964480e+00
1.748488366024988583e+00
1.731698166269310724e+00
1.715189523603754207e+00
1.698955323323666722e+00
1.682988689340680466e+00
1.667282974244877591e+00
1.651831749860009912e+00
1.636628798263422224e+00
1.621668103244301440e+00
