1.836295248207317821e+00
1.871589528377008538e+00
1.905829302793063285e+00
1.939052545353673995e+00
1.971304926336779006e+00
2.002619060376482629e+00
2.033053631604168299e+00
2.062627896889776657e+00
2.091380820907328353e+00
2.119316412335352950e+00
2.146537350347827111e+00
2.173007991948543438e+00
2.198784343216511061e+00
2.223895759368347935e+00
2.248369000396106543e+00
2.272226522223545153e+00
2.295477891574417839e+00
2.318319903475349442e+00
2.340315274963584269e+00
2.361972278965100536e+00
2.382897797569067500e+00
2.403492353894457700e+00
2.423772690122198536e+00
2.443446750002644219e+00
2.462693361630793110e+00
2.481516237485177356e+00
2.499928317129517907e+00
2.517959943478993878e+00
2.535590929748378297e+00
2.552849710490900037e+00
2.569747649172880344e+00
2.586286850629079037e+00
2.602499561082627366e+00
2.618389236069696757e+00
2.633966035388155547e+00
2.657216863971519683e+00
2.664235336323782288e+00
2.678925343400202941e+00
2.693339561906007429e+00
2.707481144443621535e+00
2.721048364953130516e+00
2.734940322003998503e+00
2.748258258694447953e+00
2.761398947605632870e+00
2.774218562805407018e+00
2.786968976352771854e+00
2.799419522322572629e+00
2.811655373332915708e+00
2.819558922590700067e+00
2.835474289576833673e+00
