9.296196301573909082e-01
9.446243701662740966e-01
9.591176257911353531e-01
9.731151502596928626e-01
9.866339965674165713e-01
9.996917820995544490e-01
1.012306207778405742e+00
1.024494745418196073e+00
1.036274437924899594e+00
1.047661775736768996e+00
1.058672624740450985e+00
1.069322189381776589e+00
1.079624999347462699e+00
1.089594912405604354e+00
1.099245127656206300e+00
1.108588205807328642e+00
1.117636093614336801e+00
1.126400150624632612e+00
1.134891177317545408e+00
1.143119443331652718e+00
1.151094715504213051e+00
1.158826285181332461e+00
1.166322994492968723e+00
1.173593261530738507e+00
1.180645104448937222e+00
1.187486164082853124e+00
1.194123725558205340e+00
1.200564738298486978e+00
1.206815835382606616e+00
1.212883351211300864e+00
1.218773338266857964e+00
1.224491583046262599e+00
1.230043620667543358e+00
1.235434748712297193e+00
1.240670040149782327e+00
1.245754355556182080e+00
1.250692354383233118e+00
1.255488505617710748e+00
1.260147097845853548e+00
1.264672248509478347e+00
1.269067912695320377e+00
1.273337891431641555e+00
1.277485839340725793e+00
1.281515271909308584e+00
1.285429572357923655e+00
1.289231998005394786e+00
1.292925686336829694e+00
1.296513660574156956e+00
1.299998835170394385e+00
1.303384020792238696e+00
