1.556040831428083138e+00
1.580826134392864679e+00
1.604805828806184387e+00
1.627999125207257203e+00
1.650429119127976518e+00
1.672121064845660587e+00
1.693101236237584795e+00
1.713396172886895386e+00
1.733032184496827277e+00
1.752035028040172415e+00
1.770429703147752498e+00
1.788240328431780046e+00
1.805490072682274239e+00
1.822201124429008390e+00
1.838394687269687466e+00
1.854090992593843579e+00
1.869309324259275318e+00
1.884068050192009514e+00
1.898384659166112431e+00
1.912275799671751209e+00
1.925757319746289609e+00
1.938844307367254105e+00
1.951551129559850439e+00
1.963891470951165896e+00
1.975878370398715056e+00
1.987524256632599462e+00
1.998840981615881196e+00
2.009839852563877649e+00
2.020531662100803150e+00
2.030926716639876783e+00
2.041034863343816674e+00
2.050865515192496602e+00
2.060427674844863777e+00
2.069729956867211840e+00
2.078780608548458808e+00
2.087587529786798957e+00
2.096158291232734339e+00
2.104500151760513749e+00
2.112620074722632690e+00
2.120524743087658148e+00
2.128220573783093261e+00
2.135713731248967573e+00
2.143010139876281528e+00
2.150115496050693409e+00
2.157035279271221739e+00
2.163774762641245797e+00
2.170339022707645782e+00
2.176732948906948018e+00
2.182961252208548864e+00
2.189028473559624821e+00
