1.275302265280478409e+00
1.295164608678101903e+00
1.314392410556662005e+00
1.332999315045503952e+00
1.351002408169130753e+00
1.368420757340414573e+00
1.385274442596712952e+00
1.401583911834517249e+00
1.417369552580920455e+00
1.432651410153060079e+00
1.447449005608587802e+00
1.461781222325059915e+00
1.475666239897429843e+00
1.489121500644754681e+00
1.502163698649787715e+00
1.514808784046918877e+00
1.527071977816332859e+00
1.538967793242457027e+00
1.550510061773097137e+00
1.561711961405381821e+00
1.572586046290736839e+00
1.583144276759850477e+00
1.593398049203485600e+00
1.603358225165298467e+00
1.613035159637124849e+00
1.622438728201736291e+00
1.631578352963636069e+00
1.640463027222730075e+00
1.649101338898440794e+00
1.657501492609388505e+00
1.665671330600942301e+00
1.673618352399284914e+00
1.681349733358479037e+00
1.688872342046641384e+00
1.696192756676725200e+00
1.703317280464497152e+00
1.710251956097544435e+00
1.717002579316270872e+00
1.723574711667451576e+00
1.729973692498926185e+00
1.736204650215642298e+00
1.742272512872366397e+00
1.748182018101191337e+00
1.753937722507382890e+00
1.759544010448748974e+00
1.765005102332747988e+00
1.770325062423464546e+00
1.775507806207099470e+00
1.780557107299910458e+00
1.785476604012473878e+00
