7.563052516930395264e-01
7.455808278104641973e-01
7.351389356419462118e-01
7.249685138486468006e-01
7.150590715098505967e-01
7.054006518107712731e-01
6.959837984697903046e-01
6.867995246670101084e-01
6.778392842593243817e-01
6.690949450880833149e-01
6.605587642039625340e-01
6.522233648502954173e-01
6.440817150609081665e-01
6.361271077418821918e-01
6.283531421185473143e-01
6.207537064397671278e-01
6.133229618412060491e-01
6.060553272779745093e-01
5.989454654448540527e-01
5.919882696094094232e-01
5.851788512896506367e-01
5.785125287137162786e-01
5.719848160042697582e-01
5.655914130350797597e-01
5.593281959114957402e-01
5.531912080305526613e-01
5.471766516798955982e-01
5.412808801380366575e-01
5.355003902413636441e-01
5.298318153860523960e-01
5.242719189354629883e-01
5.188175880058837341e-01
5.134658276055150683e-01
5.082137551034952017e-01
5.030585950074794033e-01
4.979976740298668325e-01
4.930284164242514366e-01
4.881483395749522947e-01
4.833550498237738635e-01
4.786462385192171709e-01
4.740196782744419690e-01
4.694732194212129506e-01
4.650047866479647962e-01
4.606123758109219590e-01
4.562940509079716489e-01
4.520479412056722657e-01
4.478722385104449977e-01
4.437651945755570759e-01
4.397251186360945363e-01
4.357503750646013474e-01
