3.694922479230375867e-01
3.746592699838164342e-01
3.796175311461985058e-01
3.843770693986392484e-01
3.889435058463584505e-01
3.933236247059038737e-01
3.975288722799872887e-01
4.015621178304763506e-01
4.054308913019103455e-01
4.091378881369327480e-01
4.127019593543227449e-01
4.161166411265492804e-01
4.193932307491305966e-01
4.225373792414764407e-01
4.255547173527937654e-01
4.284502576519628736e-01
4.312280566804517767e-01
4.339044205330712667e-01
4.364526254919512960e-01
4.389157279147085644e-01
4.412626998317479288e-01
4.435220136109288003e-01
4.456935097449765126e-01
4.477714511604699577e-01
4.497675252491077358e-01
4.516822853690186657e-01
4.535187021882555181e-01
4.552838027657128972e-01
4.569722994461914989e-01
4.585907720976201141e-01
4.601417336251166224e-01
4.616273267701851979e-01
4.630506202986667819e-01
4.644135518152717190e-01
4.657182020061821914e-01
4.690015724627802918e-01
4.681610176107939836e-01
4.693023133597347685e-01
4.703930569727568511e-01
4.714347839094839565e-01
4.723601975419360333e-01
4.733771209204260533e-01
4.742774223154578306e-01
4.751405999981258566e-01
4.759599578665894004e-01
4.767400215559445265e-01
4.774809278747229602e-01
4.781842841183258086e-01
4.783270559136752476e-01
4.794880431388609532e-01
