8.680735437324582637e-01
8.830188643431167161e-01
8.974486485100131583e-01
9.114059520289553573e-01
9.249000615446282270e-01
9.379501486068894112e-01
9.505806259020755933e-01
9.628010317870506762e-01
9.746297140618185306e-01
9.860688291228776325e-01
9.971643628643362955e-01
1.007902369308965929e+00
1.018307951649550125e+00
1.028395047157146136e+00
1.038176459558609599e+00
1.047663133317265904e+00
1.056867793281843326e+00
1.065866224654738792e+00
1.074456921762120043e+00
1.082888954833440831e+00
1.091103960933999861e+00
1.099036898075799629e+00
1.106678787101279315e+00
1.114162827771485897e+00
1.121441565484552205e+00
1.128517353862181771e+00
1.135396583582986896e+00
1.142093619647981173e+00
1.148599385509797344e+00
1.154927392317856460e+00
1.161083774545730307e+00
1.167068040077606339e+00
1.172896578703013670e+00
1.178570936603822839e+00
1.184096523803836787e+00
1.193550706893267588e+00
1.194726839268977603e+00
1.199830868553056540e+00
1.204803807817632633e+00
1.209647573337251369e+00
1.214193461771368332e+00
1.218944148061019472e+00
1.223430639871649461e+00
1.227803931976944263e+00
1.232024001435215510e+00
1.236213127171755355e+00
1.240259760234748043e+00
1.244205160218028405e+00
1.246214852256068761e+00
1.251755349567706510e+00
