4.851979615738782892e-01
4.920812334881133343e-01
4.986915810591732168e-01
5.050420672511554132e-01
5.111399528530382597e-01
5.169940951524178985e-01
5.226194699017917555e-01
5.280197107228657982e-01
5.332046418683830113e-01
5.381778821282383607e-01
5.429637242955790422e-01
5.475540064750425984e-01
5.519633930801102206e-01
5.561992513923507131e-01
5.602689320082799851e-01
5.641789752423003179e-01
5.679346678869451326e-01
5.715573246814976693e-01
5.750120182558404736e-01
5.783549551800348798e-01
5.815455419762628475e-01
5.846212000568551392e-01
5.875818168279668408e-01
5.904194221073504334e-01
5.931495976780173374e-01
5.957730175460999034e-01
5.982935641744282496e-01
6.007204928898040031e-01
6.030467551532378012e-01
6.052810209546485298e-01
6.074265755417002088e-01
6.094862290326414911e-01
6.114639862078210530e-01
6.133623848618050545e-01
6.151841459224981490e-01
6.196314977080602526e-01
6.186086871466881520e-01
6.202155698313944754e-01
6.217559324409447363e-01
6.232317820714537993e-01
6.245538497808522660e-01
6.259977466361985599e-01
6.272873597637044218e-01
6.285281104741430314e-01
6.297111909904958837e-01
6.308423754682774831e-01
6.319220152885268726e-01
6.329521578924334202e-01
6.332548647413329679e-01
6.348768183653065167e-01
