4.642434812307900671e-01
4.575701819817706850e-01
4.510725564618214278e-01
4.447437260435203044e-01
4.385771668953279412e-01
4.325666873910161137e-01
4.267064072236638195e-01
4.209907380760475326e-01
4.154143657137323031e-01
4.099722333802109930e-01
4.046595263849165902e-01
3.994716577853216766e-01
3.944042550735696873e-01
3.894531477863502067e-01
3.846143559641726495e-01
3.798840793928675574e-01
3.752586875661464982e-01
3.707347103134509547e-01
3.663088290422208404e-01
3.619778685480632974e-01
3.577387893503440885e-01
3.535886805142692824e-01
3.495247529238141859e-01
3.455443329727972968e-01
3.416448566440779544e-01
3.378238639493189588e-01
3.340789937039367330e-01
3.304079786138978125e-01
3.268086406528695753e-01
3.232788867098921881e-01
3.198167044892787914e-01
3.164201586458584292e-01
3.130873871399426078e-01
3.098165977975815277e-01
3.066060650627405737e-01
3.034541269290236265e-01
3.003591820394657108e-01
2.973196869437460532e-01
2.943341535029446732e-01
2.914011464326677903e-01
2.885192809760013799e-01
2.856872206983705476e-01
2.829036753968974249e-01
2.801673991174052913e-01
2.774771882726367878e-01
2.748318798557227161e-01
2.722303497433095076e-01
2.696715110831529039e-01
2.671543127613031365e-01
2.646777379443369105e-01
