2.298710898417597459e+00
2.266159030295758825e+00
2.234456029002593436e+00
2.203568845711033397e+00
2.173466129449327600e+00
2.144118119322186100e+00
2.115496544844702509e+00
2.087574533685208955e+00
2.060326526182009399e+00
2.033728196060549553e+00
2.007756376832269929e+00
1.982388993405593824e+00
1.957604998483153613e+00
1.933384313358889273e+00
1.909707772763704625e+00
1.886557073440223498e+00
1.863914726155634582e+00
1.841764010887233738e+00
1.820088934938557168e+00
1.798874193764766760e+00
1.778105134304940105e+00
1.757767720636008724e+00
1.737848501778500587e+00
1.718334581498400571e+00
1.699213589962135895e+00
1.680473657113264352e+00
1.662103387650071040e+00
1.644091837492743347e+00
1.626428491637741391e+00
1.609103243304741637e+00
1.592106374289006254e+00
1.575428536438584048e+00
1.559060734181914265e+00
1.542994308036906181e+00
1.527220919037797442e+00
1.511732534020668650e+00
1.496521411712880445e+00
1.481580089575608383e+00
1.466901371352327343e+00
1.452478315279402743e+00
1.438304222918080688e+00
1.424372628569944732e+00
1.410677289240594101e+00
1.397212175118657917e+00
1.383971460539527909e+00
1.370949515405259111e+00
1.358140897033966787e+00
1.345540342413816814e+00
1.333142760838406327e+00
1.320943226901731382e+00
