8.115856926156919116e-01
8.248708547594969520e-01
8.376797803502659123e-01
8.500427326261115191e-01
8.619716689971617107e-01
8.734831526039611438e-01
8.846026242496942693e-01
8.953369971507739722e-01
9.057035209862801528e-01
9.157057778042771989e-01
9.253868031822278795e-01
9.347326329187441996e-01
9.437679472888458321e-01
9.525056370784539261e-01
9.609579488230436395e-01
9.691353907965666314e-01
9.770471605690994599e-01
9.847575263099382914e-01
9.921165680856584013e-01
9.993139864858356924e-01
1.006260155222479691e+00
1.012991260656021408e+00
1.019504965149964804e+00
1.025821745593996859e+00
1.031950282639412908e+00
1.037891643537249164e+00
1.043651998107633538e+00
1.049246660270283238e+00
1.054663833050150989e+00
1.059917914286412133e+00
1.065014475191783383e+00
1.069955213553858808e+00
1.074752348626493603e+00
1.079408358079651409e+00
1.083928055253571943e+00
1.092890208738734659e+00
1.092580651840895367e+00
1.096715495456956235e+00
1.100730925903043556e+00
1.104629216844565720e+00
1.108241539193266068e+00
1.112077376208313817e+00
1.115640180978440421e+00
1.119111672613918973e+00
1.122455884877173071e+00
1.125748943384067280e+00
1.128925277007063910e+00
1.132010505204280149e+00
1.133424724275568396e+00
1.137900950264940425e+00
