2.387825119602303037e+00
2.353634468770269716e+00
2.320342517834760532e+00
2.287914117231776512e+00
2.256315928876112764e+00
2.225516310896563876e+00
2.195485211063838094e+00
2.166194068155715247e+00
2.137615720578126766e+00
2.109724321626905930e+00
2.082495260833805428e+00
2.055905090893087372e+00
2.029931459712090103e+00
2.004553047171325542e+00
1.979749506217635346e+00
1.955501407947849213e+00
1.931790190371044824e+00
1.908598110565072448e+00
1.885908199967811116e+00
1.863704222566106905e+00
1.841970635765578956e+00
1.820692553742842446e+00
1.799855713098318599e+00
1.779446440642837191e+00
1.759451623164948408e+00
1.739858679038290390e+00
1.720655531539600158e+00
1.701830583758364712e+00
1.683372694988344298e+00
1.665271158499899151e+00
1.647515680599745513e+00
1.630096360891992724e+00
1.613003673660786230e+00
1.596228450300912982e+00
1.579761862728136013e+00
1.563595407706142471e+00
1.547720892031507978e+00
1.532130418522384296e+00
1.516816372760472875e+00
1.501771410539472829e+00
1.486988445976416662e+00
1.472460640245448760e+00
1.458181390896306384e+00
1.444144321722427460e+00
1.430343273145935568e+00
1.416772293089028967e+00
1.403425628303261341e+00
1.390297716130162398e+00
1.377383176668349751e+00
1.364676805323934872e+00
