2.546635911686827569e+00
2.510738990991752129e+00
2.475779333269292781e+00
2.441720427750674993e+00
2.408527640031576045e+00
2.376168092931751463e+00
2.344610556324478345e+00
2.313825345157335178e+00
2.283784224962197129e+00
2.254460324220244338e+00
2.225828053008511720e+00
2.197863027408602399e+00
2.170541999206855976e+00
2.143842790458521996e+00
2.117744232527732251e+00
2.092226109249863075e+00
2.067269103894627591e+00
2.042854749636453082e+00
2.018965383264420765e+00
1.995584101887126538e+00
1.972694722408687928e+00
1.950281743571033344e+00
1.928330310374852363e+00
1.906826180706940876e+00
1.885755694015885719e+00
1.865105741890840108e+00
1.844863740409835140e+00
1.825017604134510529e+00
1.805555721638128386e+00
1.786466932462230872e+00
1.767740505405625662e+00
1.749366118056610020e+00
1.731333837486122018e+00
1.713634102025672679e+00
1.696257704059602300e+00
1.679195773766330557e+00
1.662439763748102095e+00
1.645981434493029694e+00
1.629812840617313796e+00
1.613926317839241564e+00
1.598314470639845108e+00
1.582970160568415663e+00
1.567886495153847148e+00
1.553056817385471522e+00
1.538474695729563191e+00
1.524133914649941968e+00
1.510028465603169279e+00
1.496152538480894023e+00
1.482500513473588022e+00
1.469066953331677583e+00
