3.439177976648462032e-01
3.484914373318396263e-01
3.528977546630600037e-01
3.571398005479922699e-01
3.612217347811842449e-01
3.651483841871401848e-01
3.689249466679243583e-01
3.725567919642524539e-01
3.760493274802896857e-01
3.794079083923114215e-01
3.826377781508589204e-01
3.857440300751621143e-01
3.887315836040732275e-01
3.916051707689063299e-01
3.943693298046339613e-01
3.970284037069415906e-01
3.995865422275944323e-01
4.020477061483664905e-01
4.044156731080379985e-01
4.066940443948239281e-01
4.088862522875624239e-01
4.109955676849620376e-01
4.130251078091138894e-01
4.149778438298770689e-01
4.168566083369445452e-01
4.186641025487164436e-01
4.204029032811643085e-01
4.220754695685682845e-01
4.236841490063977256e-01
4.252311837498572999e-01
4.267187161896550118e-01
4.281487943287551334e-01
4.295233768504852501e-01
4.308443378820761560e-01
4.321134715002197257e-01
4.333324959506494878e-01
4.345030576288282931e-01
4.356267348193959554e-01
4.367050412103717916e-01
4.377394292005953313e-01
4.387312930050117910e-01
4.396819715777089410e-01
4.405927513551594621e-01
4.414648688519050013e-01
4.422995130861993585e-01
4.430978278777690238e-01
4.438609139952634508e-01
4.445898311991157148e-01
4.452856001574743705e-01
4.459492042573440229e-01
