1.587399892776614418e+00
1.609238044444047722e+00
1.630280018057090663e+00
1.650541954998249849e+00
1.670044815112672332e+00
1.688812397623176143e+00
1.706870020582514247e+00
1.724243635949918252e+00
1.740959237182581498e+00
1.757042465516326812e+00
1.772518352340118231e+00
1.787411155668575002e+00
1.801744261265885827e+00
1.815540129688346438e+00
1.828820274243533328e+00
1.841605260706911995e+00
1.853914721925195686e+00
1.865767381997340157e+00
1.877181087232597356e+00
1.888172840714523959e+00
1.898758839156117650e+00
1.908954510623205980e+00
1.918774552365538622e+00
1.928232967861024383e+00
1.937343102934353745e+00
1.946117680922321735e+00
1.954568835697964246e+00
1.962708143732242672e+00
1.970546654492397520e+00
1.978094918841563521e+00
1.985363016290671911e+00
1.992360580720371033e+00
1.999096824202371447e+00
2.005580559830005605e+00
2.011820222996340224e+00
2.017823891582415818e+00
2.023599304659198239e+00
2.029153880221572059e+00
2.034494731970163617e+00
2.039628684792870850e+00
2.044562289487684037e+00
2.049301836679511268e+00
2.053853369707155263e+00
2.058222696871984780e+00
2.062415402936257802e+00
2.066436859859544839e+00
2.070292237171231786e+00
2.073986511427134971e+00
2.077524475250708491e+00
2.080910745889240410e+00
