2.112207706659157580e+00
2.152744637398281036e+00
2.192072097714308221e+00
2.230232997633875947e+00
2.267279649793718210e+00
2.303249358690553361e+00
2.338209769033629204e+00
2.372182479142112665e+00
2.405212233060189497e+00
2.437303960627984267e+00
2.468574845784687000e+00
2.498984478554050703e+00
2.528597046517115032e+00
2.557446209015975302e+00
2.585562708210710881e+00
2.612972351091567003e+00
2.639685999904243907e+00
2.665928300926072136e+00
2.691202083067865125e+00
2.716085832930751565e+00
2.740127347245522316e+00
2.763791472854032261e+00
2.787097761619015124e+00
2.809705332898169594e+00
2.831822664142307211e+00
2.853453811672663321e+00
2.874613671642068713e+00
2.895337492852935846e+00
2.915601386607751255e+00
2.935438387882579825e+00
2.954861555158948327e+00
2.973873560449336928e+00
2.992511058563566806e+00
3.010778163404207231e+00
3.028686536696171494e+00
3.055624618154466177e+00
3.063489279327616721e+00
3.080381169770848082e+00
3.096957019397989619e+00
3.113220528951169630e+00
3.128817816038299782e+00
3.144804466955902100e+00
3.160123780359343382e+00
3.175241010727616775e+00
3.189991962521236513e+00
3.204660680760971658e+00
3.218987668561909654e+00
3.233068949738437059e+00
3.242203119157878621e+00
3.260487384351960838e+00
