1.757103539391040803e+00
1.785917778550469848e+00
1.813847785997870332e+00
1.840759567304101285e+00
1.866765447151979007e+00
1.891868708376375663e+00
1.916135733460871515e+00
1.939586894015504992e+00
1.962257921675387262e+00
1.984164320768191159e+00
2.005404352937979251e+00
2.025934665334801821e+00
2.045811063441088873e+00
2.065059399451157685e+00
2.083705066313798149e+00
2.101771651579835698e+00
2.119231839510629545e+00
2.136164660975271801e+00
2.152715729514157683e+00
2.168723026048166247e+00
2.183414098516962554e+00
2.198409834778901395e+00
2.213801442968224009e+00
2.227973921063739038e+00
2.241750006217841928e+00
2.255135368424680209e+00
2.268143944576406668e+00
2.280803680895258090e+00
2.293099747806781163e+00
2.305057287904445307e+00
2.316684242228083779e+00
2.328008724097865301e+00
2.339021771331778687e+00
2.349739131339596554e+00
2.360167048165410897e+00
2.376654690572415962e+00
2.380184735979089083e+00
2.389803817060979441e+00
2.399171238109746529e+00
2.408296209023992329e+00
2.417020584922067616e+00
2.425884892442907059e+00
2.434131144171463035e+00
2.442344610275770656e+00
2.450420317531089687e+00
2.458145180897272741e+00
2.465750596751991264e+00
2.473166753121678774e+00
2.478602095333009458e+00
2.487738547775853348e+00
