3.310000000000000000e+02 3.180000000000000000e+02 3.100000000000000000e+02 2.760000000000000000e+02 2.590000000000000000e+02 2.350000000000000000e+02 2.250000000000000000e+02
3.310000000000000000e+02 3.180000000000000000e+02 3.100000000000000000e+02 2.760000000000000000e+02 2.590000000000000000e+02 2.350000000000000000e+02 2.250000000000000000e+02
3.310000000000000000e+02 3.180000000000000000e+02 3.100000000000000000e+02 2.760000000000000000e+02 2.590000000000000000e+02 2.350000000000000000e+02 2.250000000000000000e+02
3.310000000000000000e+02 3.180000000000000000e+02 3.100000000000000000e+02 2.760000000000000000e+02 2.590000000000000000e+02 2.350000000000000000e+02 2.250000000000000000e+02
3.310000000000000000e+02 3.180000000000000000e+02 3.100000000000000000e+02 2.760000000000000000e+02 2.590000000000000000e+02 2.350000000000000000e+02 2.250000000000000000e+02
3.310000000000000000e+02 3.180000000000000000e+02 3.100000000000000000e+02 2.760000000000000000e+02 2.590000000000000000e+02 2.350000000000000000e+02 2.250000000000000000e+02
3.310000000000000000e+02 3.180000000000000000e+02 3.100000000000000000e+02 2.760000000000000000e+02 2.590000000000000000e+02 2.350000000000000000e+02 2.250000000000000000e+02
3.310000000000000000e+02 3.180000000000000000e+02 3.100000000000000000e+02 2.760000000000000000e+02 2.590000000000000000e+02 2.350000000000000000e+02 2.250000000000000000e+02
3.310000000000000000e+02 3.180000000000000000e+02 3.100000000000000000e+02 2.760000000000000000e+02 2.590000000000000000e+02 2.350000000000000000e+02 2.250000000000000000e+02
3.310000000000000000e+02 3.180000000000000000e+02 3.100000000000000000e+02 2.760000000000000000e+02 2.590000000000000000e+02 2.350000000000000000e+02 2.250000000000000000e+02
3.310000000000000000e+02 3.180000000000000000e+02 3.100000000000000000e+02 2.760000000000000000e+02 2.590000000000000000e+02 2.350000000000000000e+02 2.250000000000000000e+02
3.310000000000000000e+02 3.180000000000000000e+02 3.100000000000000000e+02 2.760000000000000000e+02 2.590000000000000000e+02 2.350000000000000000e+02 2.250000000000000000e+02
3.310000000000000000e+02 3.180000000000000000e+02 3.100000000000000000e+02 2.760000000000000000e+02 2.590000000000000000e+02 2.350000000000000000e+02 2.250000000000000000e+02
3.310000000000000000e+02 3.180000000000000000e+02 3.100000000000000000e+02 2.760000000000000000e+02 2.590000000000000000e+02 2.350000000000000000e+02 2.250000000000000000e+02
3.310000000000000000e+02 3.180000000000000000e+02 3.100000000000000000e+02 2.760000000000000000e+02 2.590000000000000000e+02 2.350000000000000000e+02 2.250000000000000000e+02
3.310000000000000000e+02 3.180000000000000000e+02 3.100000000000000000e+02 2.760000000000000000e+02 2.590000000000000000e+02 2.350000000000000000e+02 2.250000000000000000e+02
3.310000000000000000e+02 3.180000000000000000e+02 3.100000000000000000e+02 2.760000000000000000e+02 2.590000000000000000e+02 2.350000000000000000e+02 2.250000000000000000e+02
3.310000000000000000e+02 3.180000000000000000e+02 3.100000000000000000e+02 2.760000000000000000e+02 2.590000000000000000e+02 2.350000000000000000e+02 2.250000000000000000e+02
3.310000000000000000e+02 3.180000000000000000e+02 3.100000000000000000e+02 2.760000000000000000e+02 2.590000000000000000e+02 2.350000000000000000e+02 2.250000000000000000e+02
3.310000000000000000e+02 3.180000000000000000e+02 3.100000000000000000e+02 2.760000000000000000e+02 2.590000000000000000e+02 2.350000000000000000e+02 2.250000000000000000e+02
3.310000000000000000e+02 3.180000000000000000e+02 3.100000000000000000e+02 2.760000000000000000e+02 2.590000000000000000e+02 2.350000000000000000e+02 2.250000000000000000e+02
3.310000000000000000e+02 3.180000000000000000e+02 3.100000000000000000e+02 2.760000000000000000e+02 2.590000000000000000e+02 2.350000000000000000e+02 2.250000000000000000e+02
3.310000000000000000e+02 3.180000000000000000e+02 3.100000000000000000e+02 2.760000000000000000e+02 2.590000000000000000e+02 2.350000000000000000e+02 2.250000000000000000e+02
3.310000000000000000e+02 3.180000000000000000e+02 3.100000000000000000e+02 2.760000000000000000e+02 2.590000000000000000e+02 2.350000000000000000e+02 2.250000000000000000e+02
3.310000000000000000e+02 3.180000000000000000e+02 3.100000000000000000e+02 2.760000000000000000e+02 2.590000000000000000e+02 2.350000000000000000e+02 2.250000000000000000e+02
3.310000000000000000e+02 3.180000000000000000e+02 3.100000000000000000e+02 2.760000000000000000e+02 2.590000000000000000e+02 2.350000000000000000e+02 2.250000000000000000e+02
3.310000000000000000e+02 3.180000000000000000e+02 3.100000000000000000e+02 2.760000000000000000e+02 2.590000000000000000e+02 2.350000000000000000e+02 2.250000000000000000e+02
3.310000000000000000e+02 3.180000000000000000e+02 3.100000000000000000e+02 2.760000000000000000e+02 2.590000000000000000e+02 2.350000000000000000e+02 2.250000000000000000e+02
3.310000000000000000e+02 3.180000000000000000e+02 3.100000000000000000e+02 2.760000000000000000e+02 2.590000000000000000e+02 2.350000000000000000e+02 2.250000000000000000e+02
3.310000000000000000e+02 3.180000000000000000e+02 3.100000000000000000e+02 2.760000000000000000e+02 2.590000000000000000e+02 2.350000000000000000e+02 2.250000000000000000e+02
3.310000000000000000e+02 3.180000000000000000e+02 3.100000000000000000e+02 2.760000000000000000e+02 2.590000000000000000e+02 2.350000000000000000e+02 2.250000000000000000e+02
3.310000000000000000e+02 3.180000000000000000e+02 3.100000000000000000e+02 2.760000000000000000e+02 2.590000000000000000e+02 2.350000000000000000e+02 2.250000000000000000e+02
3.310000000000000000e+02 3.180000000000000000e+02 3.100000000000000000e+02 2.760000000000000000e+02 2.590000000000000000e+02 2.350000000000000000e+02 2.250000000000000000e+02
3.310000000000000000e+02 3.180000000000000000e+02 3.100000000000000000e+02 2.760000000000000000e+02 2.590000000000000000e+02 2.350000000000000000e+02 2.250000000000000000e+02
3.310000000000000000e+02 3.180000000000000000e+02 3.100000000000000000e+02 2.760000000000000000e+02 2.590000000000000000e+02 2.350000000000000000e+02 2.250000000000000000e+02
3.310000000000000000e+02 3.180000000000000000e+02 3.100000000000000000e+02 2.760000000000000000e+02 2.590000000000000000e+02 2.350000000000000000e+02 2.250000000000000000e+02
3.310000000000000000e+02 3.180000000000000000e+02 3.100000000000000000e+02 2.760000000000000000e+02 2.590000000000000000e+02 2.350000000000000000e+02 2.250000000000000000e+02
3.310000000000000000e+02 3.180000000000000000e+02 3.100000000000000000e+02 2.760000000000000000e+02 2.590000000000000000e+02 2.350000000000000000e+02 2.250000000000000000e+02
3.310000000000000000e+02 3.180000000000000000e+02 3.100000000000000000e+02 2.760000000000000000e+02 2.590000000000000000e+02 2.350000000000000000e+02 2.250000000000000000e+02
3.310000000000000000e+02 3.180000000000000000e+02 3.100000000000000000e+02 2.760000000000000000e+02 2.590000000000000000e+02 2.350000000000000000e+02 2.250000000000000000e+02
3.310000000000000000e+02 3.180000000000000000e+02 3.100000000000000000e+02 2.760000000000000000e+02 2.590000000000000000e+02 2.350000000000000000e+02 2.250000000000000000e+02
3.310000000000000000e+02 3.180000000000000000e+02 3.100000000000000000e+02 2.760000000000000000e+02 2.590000000000000000e+02 2.350000000000000000e+02 2.250000000000000000e+02
3.310000000000000000e+02 3.180000000000000000e+02 3.100000000000000000e+02 2.760000000000000000e+02 2.590000000000000000e+02 2.350000000000000000e+02 2.250000000000000000e+02
3.310000000000000000e+02 3.180000000000000000e+02 3.100000000000000000e+02 2.760000000000000000e+02 2.590000000000000000e+02 2.350000000000000000e+02 2.250000000000000000e+02
3.310000000000000000e+02 3.180000000000000000e+02 3.100000000000000000e+02 2.760000000000000000e+02 2.590000000000000000e+02 2.350000000000000000e+02 2.250000000000000000e+02
3.310000000000000000e+02 3.180000000000000000e+02 3.100000000000000000e+02 2.760000000000000000e+02 2.590000000000000000e+02 2.350000000000000000e+02 2.250000000000000000e+02
3.310000000000000000e+02 3.180000000000000000e+02 3.100000000000000000e+02 2.760000000000000000e+02 2.590000000000000000e+02 2.350000000000000000e+02 2.250000000000000000e+02
3.310000000000000000e+02 3.180000000000000000e+02 3.100000000000000000e+02 2.760000000000000000e+02 2.590000000000000000e+02 2.350000000000000000e+02 2.250000000000000000e+02
3.310000000000000000e+02 3.180000000000000000e+02 3.100000000000000000e+02 2.760000000000000000e+02 2.590000000000000000e+02 2.350000000000000000e+02 2.250000000000000000e+02
3.310000000000000000e+02 3.180000000000000000e+02 3.100000000000000000e+02 2.760000000000000000e+02 2.590000000000000000e+02 2.350000000000000000e+02 2.250000000000000000e+02
3.310000000000000000e+02 3.180000000000000000e+02 3.100000000000000000e+02 2.760000000000000000e+02 2.590000000000000000e+02 2.350000000000000000e+02 2.250000000000000000e+02
3.310000000000000000e+02 3.180000000000000000e+02 3.100000000000000000e+02 2.760000000000000000e+02 2.590000000000000000e+02 2.350000000000000000e+02 2.250000000000000000e+02
3.310000000000000000e+02 3.180000000000000000e+02 3.100000000000000000e+02 2.760000000000000000e+02 2.590000000000000000e+02 2.350000000000000000e+02 2.250000000000000000e+02
3.310000000000000000e+02 3.180000000000000000e+02 3.100000000000000000e+02 2.760000000000000000e+02 2.590000000000000000e+02 2.350000000000000000e+02 2.250000000000000000e+02
3.310000000000000000e+02 3.180000000000000000e+02 3.100000000000000000e+02 2.760000000000000000e+02 2.590000000000000000e+02 2.350000000000000000e+02 2.250000000000000000e+02
3.310000000000000000e+02 3.180000000000000000e+02 3.100000000000000000e+02 2.760000000000000000e+02 2.590000000000000000e+02 2.350000000000000000e+02 2.250000000000000000e+02
3.310000000000000000e+02 3.180000000000000000e+02 3.100000000000000000e+02 2.760000000000000000e+02 2.590000000000000000e+02 2.350000000000000000e+02 2.250000000000000000e+02
3.310000000000000000e+02 3.180000000000000000e+02 3.100000000000000000e+02 2.760000000000000000e+02 2.590000000000000000e+02 2.350000000000000000e+02 2.250000000000000000e+02
3.310000000000000000e+02 3.180000000000000000e+02 3.100000000000000000e+02 2.760000000000000000e+02 2.590000000000000000e+02 2.350000000000000000e+02 2.250000000000000000e+02
3.310000000000000000e+02 3.180000000000000000e+02 3.100000000000000000e+02 2.760000000000000000e+02 2.590000000000000000e+02 2.350000000000000000e+02 2.250000000000000000e+02
3.310000000000000000e+02 3.180000000000000000e+02 3.100000000000000000e+02 2.760000000000000000e+02 2.590000000000000000e+02 2.350000000000000000e+02 2.250000000000000000e+02
3.310000000000000000e+02 3.180000000000000000e+02 3.100000000000000000e+02 2.760000000000000000e+02 2.590000000000000000e+02 2.350000000000000000e+02 2.250000000000000000e+02
3.310000000000000000e+02 3.180000000000000000e+02 3.100000000000000000e+02 2.760000000000000000e+02 2.590000000000000000e+02 2.350000000000000000e+02 2.250000000000000000e+02
3.310000000000000000e+02 3.180000000000000000e+02 3.100000000000000000e+02 2.760000000000000000e+02 2.590000000000000000e+02 2.350000000000000000e+02 2.250000000000000000e+02
3.310000000000000000e+02 3.180000000000000000e+02 3.100000000000000000e+02 2.760000000000000000e+02 2.590000000000000000e+02 2.350000000000000000e+02 2.250000000000000000e+02
3.310000000000000000e+02 3.180000000000000000e+02 3.100000000000000000e+02 2.760000000000000000e+02 2.590000000000000000e+02 2.350000000000000000e+02 2.250000000000000000e+02
3.310000000000000000e+02 3.180000000000000000e+02 3.100000000000000000e+02 2.760000000000000000e+02 2.590000000000000000e+02 2.350000000000000000e+02 2.250000000000000000e+02
3.310000000000000000e+02 3.180000000000000000e+02 3.100000000000000000e+02 2.760000000000000000e+02 2.590000000000000000e+02 2.350000000000000000e+02 2.250000000000000000e+02
3.310000000000000000e+02 3.180000000000000000e+02 3.100000000000000000e+02 2.760000000000000000e+02 2.590000000000000000e+02 2.350000000000000000e+02 2.250000000000000000e+02
3.310000000000000000e+02 3.180000000000000000e+02 3.100000000000000000e+02 2.760000000000000000e+02 2.590000000000000000e+02 2.350000000000000000e+02 2.250000000000000000e+02
3.310000000000000000e+02 3.180000000000000000e+02 3.100000000000000000e+02 2.760000000000000000e+02 2.590000000000000000e+02 2.350000000000000000e+02 2.250000000000000000e+02
3.310000000000000000e+02 3.180000000000000000e+02 3.100000000000000000e+02 2.760000000000000000e+02 2.590000000000000000e+02 2.350000000000000000e+02 2.250000000000000000e+02
3.310000000000000000e+02 3.180000000000000000e+02 3.100000000000000000e+02 2.760000000000000000e+02 2.590000000000000000e+02 2.350000000000000000e+02 2.250000000000000000e+02
3.310000000000000000e+02 3.180000000000000000e+02 3.100000000000000000e+02 2.760000000000000000e+02 2.590000000000000000e+02 2.350000000000000000e+02 2.250000000000000000e+02
3.310000000000000000e+02 3.180000000000000000e+02 3.100000000000000000e+02 2.760000000000000000e+02 2.590000000000000000e+02 2.350000000000000000e+02 2.250000000000000000e+02
3.310000000000000000e+02 3.180000000000000000e+02 3.100000000000000000e+02 2.760000000000000000e+02 2.590000000000000000e+02 2.350000000000000000e+02 2.250000000000000000e+02
3.310000000000000000e+02 3.180000000000000000e+02 3.100000000000000000e+02 2.760000000000000000e+02 2.590000000000000000e+02 2.350000000000000000e+02 2.250000000000000000e+02
3.310000000000000000e+02 3.180000000000000000e+02 3.100000000000000000e+02 2.760000000000000000e+02 2.590000000000000000e+02 2.350000000000000000e+02 2.250000000000000000e+02
3.310000000000000000e+02 3.180000000000000000e+02 3.100000000000000000e+02 2.760000000000000000e+02 2.590000000000000000e+02 2.350000000000000000e+02 2.250000000000000000e+02
3.310000000000000000e+02 3.180000000000000000e+02 3.100000000000000000e+02 2.760000000000000000e+02 2.590000000000000000e+02 2.350000000000000000e+02 2.250000000000000000e+02
3.310000000000000000e+02 3.180000000000000000e+02 3.100000000000000000e+02 2.760000000000000000e+02 2.590000000000000000e+02 2.350000000000000000e+02 2.250000000000000000e+02
3.310000000000000000e+02 3.180000000000000000e+02 3.100000000000000000e+02 2.760000000000000000e+02 2.590000000000000000e+02 2.350000000000000000e+02 2.250000000000000000e+02
3.310000000000000000e+02 3.180000000000000000e+02 3.100000000000000000e+02 2.760000000000000000e+02 2.590000000000000000e+02 2.350000000000000000e+02 2.250000000000000000e+02
3.310000000000000000e+02 3.180000000000000000e+02 3.100000000000000000e+02 2.760000000000000000e+02 2.590000000000000000e+02 2.350000000000000000e+02 2.250000000000000000e+02
3.310000000000000000e+02 3.180000000000000000e+02 3.100000000000000000e+02 2.760000000000000000e+02 2.590000000000000000e+02 2.350000000000000000e+02 2.250000000000000000e+02
3.310000000000000000e+02 3.180000000000000000e+02 3.100000000000000000e+02 2.760000000000000000e+02 2.590000000000000000e+02 2.350000000000000000e+02 2.250000000000000000e+02
3.310000000000000000e+02 3.180000000000000000e+02 3.100000000000000000e+02 2.760000000000000000e+02 2.590000000000000000e+02 2.350000000000000000e+02 2.250000000000000000e+02
3.310000000000000000e+02 3.180000000000000000e+02 3.100000000000000000e+02 2.760000000000000000e+02 2.590000000000000000e+02 2.350000000000000000e+02 2.250000000000000000e+02
3.310000000000000000e+02 3.180000000000000000e+02 3.100000000000000000e+02 2.760000000000000000e+02 2.590000000000000000e+02 2.350000000000000000e+02 2.250000000000000000e+02
3.310000000000000000e+02 3.180000000000000000e+02 3.100000000000000000e+02 2.760000000000000000e+02 2.590000000000000000e+02 2.350000000000000000e+02 2.250000000000000000e+02
3.310000000000000000e+02 3.180000000000000000e+02 3.100000000000000000e+02 2.760000000000000000e+02 2.590000000000000000e+02 2.350000000000000000e+02 2.250000000000000000e+02
3.310000000000000000e+02 3.180000000000000000e+02 3.100000000000000000e+02 2.760000000000000000e+02 2.590000000000000000e+02 2.350000000000000000e+02 2.250000000000000000e+02
3.310000000000000000e+02 3.180000000000000000e+02 3.100000000000000000e+02 2.760000000000000000e+02 2.590000000000000000e+02 2.350000000000000000e+02 2.250000000000000000e+02
3.310000000000000000e+02 3.180000000000000000e+02 3.100000000000000000e+02 2.760000000000000000e+02 2.590000000000000000e+02 2.350000000000000000e+02 2.250000000000000000e+02
3.310000000000000000e+02 3.180000000000000000e+02 3.100000000000000000e+02 2.760000000000000000e+02 2.590000000000000000e+02 2.350000000000000000e+02 2.250000000000000000e+02
3.310000000000000000e+02 3.180000000000000000e+02 3.100000000000000000e+02 2.760000000000000000e+02 2.590000000000000000e+02 2.350000000000000000e+02 2.250000000000000000e+02
3.310000000000000000e+02 3.180000000000000000e+02 3.100000000000000000e+02 2.760000000000000000e+02 2.590000000000000000e+02 2.350000000000000000e+02 2.250000000000000000e+02
3.310000000000000000e+02 3.180000000000000000e+02 3.100000000000000000e+02 2.760000000000000000e+02 2.590000000000000000e+02 2.350000000000000000e+02 2.250000000000000000e+02
3.310000000000000000e+02 3.180000000000000000e+02 3.100000000000000000e+02 2.760000000000000000e+02 2.590000000000000000e+02 2.350000000000000000e+02 2.250000000000000000e+02
