2.630000000000000000e+02 2.490000000000000000e+02 2.310000000000000000e+02 2.260000000000000000e+02 2.090000000000000000e+02 1.850000000000000000e+02 1.660000000000000000e+02
2.630000000000000000e+02 2.490000000000000000e+02 2.310000000000000000e+02 2.260000000000000000e+02 2.090000000000000000e+02 1.850000000000000000e+02 1.660000000000000000e+02
2.630000000000000000e+02 2.490000000000000000e+02 2.310000000000000000e+02 2.260000000000000000e+02 2.090000000000000000e+02 1.850000000000000000e+02 1.660000000000000000e+02
2.630000000000000000e+02 2.490000000000000000e+02 2.310000000000000000e+02 2.260000000000000000e+02 2.090000000000000000e+02 1.850000000000000000e+02 1.660000000000000000e+02
2.630000000000000000e+02 2.490000000000000000e+02 2.310000000000000000e+02 2.260000000000000000e+02 2.090000000000000000e+02 1.850000000000000000e+02 1.660000000000000000e+02
2.630000000000000000e+02 2.490000000000000000e+02 2.310000000000000000e+02 2.260000000000000000e+02 2.090000000000000000e+02 1.850000000000000000e+02 1.660000000000000000e+02
2.630000000000000000e+02 2.490000000000000000e+02 2.310000000000000000e+02 2.260000000000000000e+02 2.090000000000000000e+02 1.850000000000000000e+02 1.660000000000000000e+02
2.630000000000000000e+02 2.490000000000000000e+02 2.310000000000000000e+02 2.260000000000000000e+02 2.090000000000000000e+02 1.850000000000000000e+02 1.660000000000000000e+02
2.630000000000000000e+02 2.490000000000000000e+02 2.310000000000000000e+02 2.260000000000000000e+02 2.090000000000000000e+02 1.850000000000000000e+02 1.660000000000000000e+02
2.630000000000000000e+02 2.490000000000000000e+02 2.310000000000000000e+02 2.260000000000000000e+02 2.090000000000000000e+02 1.850000000000000000e+02 1.660000000000000000e+02
2.630000000000000000e+02 2.490000000000000000e+02 2.310000000000000000e+02 2.260000000000000000e+02 2.090000000000000000e+02 1.850000000000000000e+02 1.660000000000000000e+02
2.630000000000000000e+02 2.490000000000000000e+02 2.310000000000000000e+02 2.260000000000000000e+02 2.090000000000000000e+02 1.850000000000000000e+02 1.660000000000000000e+02
2.630000000000000000e+02 2.490000000000000000e+02 2.310000000000000000e+02 2.260000000000000000e+02 2.090000000000000000e+02 1.850000000000000000e+02 1.660000000000000000e+02
2.630000000000000000e+02 2.490000000000000000e+02 2.310000000000000000e+02 2.260000000000000000e+02 2.090000000000000000e+02 1.850000000000000000e+02 1.660000000000000000e+02
2.630000000000000000e+02 2.490000000000000000e+02 2.310000000000000000e+02 2.260000000000000000e+02 2.090000000000000000e+02 1.850000000000000000e+02 1.660000000000000000e+02
2.630000000000000000e+02 2.490000000000000000e+02 2.310000000000000000e+02 2.260000000000000000e+02 2.090000000000000000e+02 1.850000000000000000e+02 1.660000000000000000e+02
2.630000000000000000e+02 2.490000000000000000e+02 2.310000000000000000e+02 2.260000000000000000e+02 2.090000000000000000e+02 1.850000000000000000e+02 1.660000000000000000e+02
2.630000000000000000e+02 2.490000000000000000e+02 2.310000000000000000e+02 2.260000000000000000e+02 2.090000000000000000e+02 1.850000000000000000e+02 1.660000000000000000e+02
2.630000000000000000e+02 2.490000000000000000e+02 2.310000000000000000e+02 2.260000000000000000e+02 2.090000000000000000e+02 1.850000000000000000e+02 1.660000000000000000e+02
2.630000000000000000e+02 2.490000000000000000e+02 2.310000000000000000e+02 2.260000000000000000e+02 2.090000000000000000e+02 1.850000000000000000e+02 1.660000000000000000e+02
2.630000000000000000e+02 2.490000000000000000e+02 2.310000000000000000e+02 2.260000000000000000e+02 2.090000000000000000e+02 1.850000000000000000e+02 1.660000000000000000e+02
2.630000000000000000e+02 2.490000000000000000e+02 2.310000000000000000e+02 2.260000000000000000e+02 2.090000000000000000e+02 1.850000000000000000e+02 1.660000000000000000e+02
2.630000000000000000e+02 2.490000000000000000e+02 2.310000000000000000e+02 2.260000000000000000e+02 2.090000000000000000e+02 1.850000000000000000e+02 1.660000000000000000e+02
2.630000000000000000e+02 2.490000000000000000e+02 2.310000000000000000e+02 2.260000000000000000e+02 2.090000000000000000e+02 1.850000000000000000e+02 1.660000000000000000e+02
2.630000000000000000e+02 2.490000000000000000e+02 2.310000000000000000e+02 2.260000000000000000e+02 2.090000000000000000e+02 1.850000000000000000e+02 1.660000000000000000e+02
2.630000000000000000e+02 2.490000000000000000e+02 2.310000000000000000e+02 2.260000000000000000e+02 2.090000000000000000e+02 1.850000000000000000e+02 1.660000000000000000e+02
2.630000000000000000e+02 2.490000000000000000e+02 2.310000000000000000e+02 2.260000000000000000e+02 2.090000000000000000e+02 1.850000000000000000e+02 1.660000000000000000e+02
2.630000000000000000e+02 2.490000000000000000e+02 2.310000000000000000e+02 2.260000000000000000e+02 2.090000000000000000e+02 1.850000000000000000e+02 1.660000000000000000e+02
2.630000000000000000e+02 2.490000000000000000e+02 2.310000000000000000e+02 2.260000000000000000e+02 2.090000000000000000e+02 1.850000000000000000e+02 1.660000000000000000e+02
2.630000000000000000e+02 2.490000000000000000e+02 2.310000000000000000e+02 2.260000000000000000e+02 2.090000000000000000e+02 1.850000000000000000e+02 1.660000000000000000e+02
2.630000000000000000e+02 2.490000000000000000e+02 2.310000000000000000e+02 2.260000000000000000e+02 2.090000000000000000e+02 1.850000000000000000e+02 1.660000000000000000e+02
2.630000000000000000e+02 2.490000000000000000e+02 2.310000000000000000e+02 2.260000000000000000e+02 2.090000000000000000e+02 1.850000000000000000e+02 1.660000000000000000e+02
2.630000000000000000e+02 2.490000000000000000e+02 2.310000000000000000e+02 2.260000000000000000e+02 2.090000000000000000e+02 1.850000000000000000e+02 1.660000000000000000e+02
2.630000000000000000e+02 2.490000000000000000e+02 2.310000000000000000e+02 2.260000000000000000e+02 2.090000000000000000e+02 1.850000000000000000e+02 1.660000000000000000e+02
2.630000000000000000e+02 2.490000000000000000e+02 2.310000000000000000e+02 2.260000000000000000e+02 2.090000000000000000e+02 1.850000000000000000e+02 1.660000000000000000e+02
2.630000000000000000e+02 2.490000000000000000e+02 2.310000000000000000e+02 2.260000000000000000e+02 2.090000000000000000e+02 1.850000000000000000e+02 1.660000000000000000e+02
2.630000000000000000e+02 2.490000000000000000e+02 2.310000000000000000e+02 2.260000000000000000e+02 2.090000000000000000e+02 1.850000000000000000e+02 1.660000000000000000e+02
2.630000000000000000e+02 2.490000000000000000e+02 2.310000000000000000e+02 2.260000000000000000e+02 2.090000000000000000e+02 1.850000000000000000e+02 1.660000000000000000e+02
2.630000000000000000e+02 2.490000000000000000e+02 2.310000000000000000e+02 2.260000000000000000e+02 2.090000000000000000e+02 1.850000000000000000e+02 1.660000000000000000e+02
2.630000000000000000e+02 2.490000000000000000e+02 2.310000000000000000e+02 2.260000000000000000e+02 2.090000000000000000e+02 1.850000000000000000e+02 1.660000000000000000e+02
2.630000000000000000e+02 2.490000000000000000e+02 2.310000000000000000e+02 2.260000000000000000e+02 2.090000000000000000e+02 1.850000000000000000e+02 1.660000000000000000e+02
2.630000000000000000e+02 2.490000000000000000e+02 2.310000000000000000e+02 2.260000000000000000e+02 2.090000000000000000e+02 1.850000000000000000e+02 1.660000000000000000e+02
2.630000000000000000e+02 2.490000000000000000e+02 2.310000000000000000e+02 2.260000000000000000e+02 2.090000000000000000e+02 1.850000000000000000e+02 1.660000000000000000e+02
2.630000000000000000e+02 2.490000000000000000e+02 2.310000000000000000e+02 2.260000000000000000e+02 2.090000000000000000e+02 1.850000000000000000e+02 1.660000000000000000e+02
2.630000000000000000e+02 2.490000000000000000e+02 2.310000000000000000e+02 2.260000000000000000e+02 2.090000000000000000e+02 1.850000000000000000e+02 1.660000000000000000e+02
2.630000000000000000e+02 2.490000000000000000e+02 2.310000000000000000e+02 2.260000000000000000e+02 2.090000000000000000e+02 1.850000000000000000e+02 1.660000000000000000e+02
2.630000000000000000e+02 2.490000000000000000e+02 2.310000000000000000e+02 2.260000000000000000e+02 2.090000000000000000e+02 1.850000000000000000e+02 1.660000000000000000e+02
2.630000000000000000e+02 2.490000000000000000e+02 2.310000000000000000e+02 2.260000000000000000e+02 2.090000000000000000e+02 1.850000000000000000e+02 1.660000000000000000e+02
2.630000000000000000e+02 2.490000000000000000e+02 2.310000000000000000e+02 2.260000000000000000e+02 2.090000000000000000e+02 1.850000000000000000e+02 1.660000000000000000e+02
2.630000000000000000e+02 2.490000000000000000e+02 2.310000000000000000e+02 2.260000000000000000e+02 2.090000000000000000e+02 1.850000000000000000e+02 1.660000000000000000e+02
2.630000000000000000e+02 2.490000000000000000e+02 2.310000000000000000e+02 2.260000000000000000e+02 2.090000000000000000e+02 1.850000000000000000e+02 1.660000000000000000e+02
2.630000000000000000e+02 2.490000000000000000e+02 2.310000000000000000e+02 2.260000000000000000e+02 2.090000000000000000e+02 1.850000000000000000e+02 1.660000000000000000e+02
2.630000000000000000e+02 2.490000000000000000e+02 2.310000000000000000e+02 2.260000000000000000e+02 2.090000000000000000e+02 1.850000000000000000e+02 1.660000000000000000e+02
2.630000000000000000e+02 2.490000000000000000e+02 2.310000000000000000e+02 2.260000000000000000e+02 2.090000000000000000e+02 1.850000000000000000e+02 1.660000000000000000e+02
2.630000000000000000e+02 2.490000000000000000e+02 2.310000000000000000e+02 2.260000000000000000e+02 2.090000000000000000e+02 1.850000000000000000e+02 1.660000000000000000e+02
2.630000000000000000e+02 2.490000000000000000e+02 2.310000000000000000e+02 2.260000000000000000e+02 2.090000000000000000e+02 1.850000000000000000e+02 1.660000000000000000e+02
2.630000000000000000e+02 2.490000000000000000e+02 2.310000000000000000e+02 2.260000000000000000e+02 2.090000000000000000e+02 1.850000000000000000e+02 1.660000000000000000e+02
2.630000000000000000e+02 2.490000000000000000e+02 2.310000000000000000e+02 2.260000000000000000e+02 2.090000000000000000e+02 1.850000000000000000e+02 1.660000000000000000e+02
2.630000000000000000e+02 2.490000000000000000e+02 2.310000000000000000e+02 2.260000000000000000e+02 2.090000000000000000e+02 1.850000000000000000e+02 1.660000000000000000e+02
2.630000000000000000e+02 2.490000000000000000e+02 2.310000000000000000e+02 2.260000000000000000e+02 2.090000000000000000e+02 1.850000000000000000e+02 1.660000000000000000e+02
2.630000000000000000e+02 2.490000000000000000e+02 2.310000000000000000e+02 2.260000000000000000e+02 2.090000000000000000e+02 1.850000000000000000e+02 1.660000000000000000e+02
2.630000000000000000e+02 2.490000000000000000e+02 2.310000000000000000e+02 2.260000000000000000e+02 2.090000000000000000e+02 1.850000000000000000e+02 1.660000000000000000e+02
2.630000000000000000e+02 2.490000000000000000e+02 2.310000000000000000e+02 2.260000000000000000e+02 2.090000000000000000e+02 1.850000000000000000e+02 1.660000000000000000e+02
2.630000000000000000e+02 2.490000000000000000e+02 2.310000000000000000e+02 2.260000000000000000e+02 2.090000000000000000e+02 1.850000000000000000e+02 1.660000000000000000e+02
2.630000000000000000e+02 2.490000000000000000e+02 2.310000000000000000e+02 2.260000000000000000e+02 2.090000000000000000e+02 1.850000000000000000e+02 1.660000000000000000e+02
2.630000000000000000e+02 2.490000000000000000e+02 2.310000000000000000e+02 2.260000000000000000e+02 2.090000000000000000e+02 1.850000000000000000e+02 1.660000000000000000e+02
2.630000000000000000e+02 2.490000000000000000e+02 2.310000000000000000e+02 2.260000000000000000e+02 2.090000000000000000e+02 1.850000000000000000e+02 1.660000000000000000e+02
2.630000000000000000e+02 2.490000000000000000e+02 2.310000000000000000e+02 2.260000000000000000e+02 2.090000000000000000e+02 1.850000000000000000e+02 1.660000000000000000e+02
2.630000000000000000e+02 2.490000000000000000e+02 2.310000000000000000e+02 2.260000000000000000e+02 2.090000000000000000e+02 1.850000000000000000e+02 1.660000000000000000e+02
2.630000000000000000e+02 2.490000000000000000e+02 2.310000000000000000e+02 2.260000000000000000e+02 2.090000000000000000e+02 1.850000000000000000e+02 1.660000000000000000e+02
2.630000000000000000e+02 2.490000000000000000e+02 2.310000000000000000e+02 2.260000000000000000e+02 2.090000000000000000e+02 1.850000000000000000e+02 1.660000000000000000e+02
2.630000000000000000e+02 2.490000000000000000e+02 2.310000000000000000e+02 2.260000000000000000e+02 2.090000000000000000e+02 1.850000000000000000e+02 1.660000000000000000e+02
2.630000000000000000e+02 2.490000000000000000e+02 2.310000000000000000e+02 2.260000000000000000e+02 2.090000000000000000e+02 1.850000000000000000e+02 1.660000000000000000e+02
2.630000000000000000e+02 2.490000000000000000e+02 2.310000000000000000e+02 2.260000000000000000e+02 2.090000000000000000e+02 1.850000000000000000e+02 1.660000000000000000e+02
2.630000000000000000e+02 2.490000000000000000e+02 2.310000000000000000e+02 2.260000000000000000e+02 2.090000000000000000e+02 1.850000000000000000e+02 1.660000000000000000e+02
2.630000000000000000e+02 2.490000000000000000e+02 2.310000000000000000e+02 2.260000000000000000e+02 2.090000000000000000e+02 1.850000000000000000e+02 1.660000000000000000e+02
2.630000000000000000e+02 2.490000000000000000e+02 2.310000000000000000e+02 2.260000000000000000e+02 2.090000000000000000e+02 1.850000000000000000e+02 1.660000000000000000e+02
2.630000000000000000e+02 2.490000000000000000e+02 2.310000000000000000e+02 2.260000000000000000e+02 2.090000000000000000e+02 1.850000000000000000e+02 1.660000000000000000e+02
2.630000000000000000e+02 2.490000000000000000e+02 2.310000000000000000e+02 2.260000000000000000e+02 2.090000000000000000e+02 1.850000000000000000e+02 1.660000000000000000e+02
2.630000000000000000e+02 2.490000000000000000e+02 2.310000000000000000e+02 2.260000000000000000e+02 2.090000000000000000e+02 1.850000000000000000e+02 1.660000000000000000e+02
2.630000000000000000e+02 2.490000000000000000e+02 2.310000000000000000e+02 2.260000000000000000e+02 2.090000000000000000e+02 1.850000000000000000e+02 1.660000000000000000e+02
2.630000000000000000e+02 2.490000000000000000e+02 2.310000000000000000e+02 2.260000000000000000e+02 2.090000000000000000e+02 1.850000000000000000e+02 1.660000000000000000e+02
2.630000000000000000e+02 2.490000000000000000e+02 2.310000000000000000e+02 2.260000000000000000e+02 2.090000000000000000e+02 1.850000000000000000e+02 1.660000000000000000e+02
2.630000000000000000e+02 2.490000000000000000e+02 2.310000000000000000e+02 2.260000000000000000e+02 2.090000000000000000e+02 1.850000000000000000e+02 1.660000000000000000e+02
2.630000000000000000e+02 2.490000000000000000e+02 2.310000000000000000e+02 2.260000000000000000e+02 2.090000000000000000e+02 1.850000000000000000e+02 1.660000000000000000e+02
2.630000000000000000e+02 2.490000000000000000e+02 2.310000000000000000e+02 2.260000000000000000e+02 2.090000000000000000e+02 1.850000000000000000e+02 1.660000000000000000e+02
2.630000000000000000e+02 2.490000000000000000e+02 2.310000000000000000e+02 2.260000000000000000e+02 2.090000000000000000e+02 1.850000000000000000e+02 1.660000000000000000e+02
2.630000000000000000e+02 2.490000000000000000e+02 2.310000000000000000e+02 2.260000000000000000e+02 2.090000000000000000e+02 1.850000000000000000e+02 1.660000000000000000e+02
2.630000000000000000e+02 2.490000000000000000e+02 2.310000000000000000e+02 2.260000000000000000e+02 2.090000000000000000e+02 1.850000000000000000e+02 1.660000000000000000e+02
2.630000000000000000e+02 2.490000000000000000e+02 2.310000000000000000e+02 2.260000000000000000e+02 2.090000000000000000e+02 1.850000000000000000e+02 1.660000000000000000e+02
2.630000000000000000e+02 2.490000000000000000e+02 2.310000000000000000e+02 2.260000000000000000e+02 2.090000000000000000e+02 1.850000000000000000e+02 1.660000000000000000e+02
2.630000000000000000e+02 2.490000000000000000e+02 2.310000000000000000e+02 2.260000000000000000e+02 2.090000000000000000e+02 1.850000000000000000e+02 1.660000000000000000e+02
2.630000000000000000e+02 2.490000000000000000e+02 2.310000000000000000e+02 2.260000000000000000e+02 2.090000000000000000e+02 1.850000000000000000e+02 1.660000000000000000e+02
2.630000000000000000e+02 2.490000000000000000e+02 2.310000000000000000e+02 2.260000000000000000e+02 2.090000000000000000e+02 1.850000000000000000e+02 1.660000000000000000e+02
2.630000000000000000e+02 2.490000000000000000e+02 2.310000000000000000e+02 2.260000000000000000e+02 2.090000000000000000e+02 1.850000000000000000e+02 1.660000000000000000e+02
2.630000000000000000e+02 2.490000000000000000e+02 2.310000000000000000e+02 2.260000000000000000e+02 2.090000000000000000e+02 1.850000000000000000e+02 1.660000000000000000e+02
2.630000000000000000e+02 2.490000000000000000e+02 2.310000000000000000e+02 2.260000000000000000e+02 2.090000000000000000e+02 1.850000000000000000e+02 1.660000000000000000e+02
2.630000000000000000e+02 2.490000000000000000e+02 2.310000000000000000e+02 2.260000000000000000e+02 2.090000000000000000e+02 1.850000000000000000e+02 1.660000000000000000e+02
2.630000000000000000e+02 2.490000000000000000e+02 2.310000000000000000e+02 2.260000000000000000e+02 2.090000000000000000e+02 1.850000000000000000e+02 1.660000000000000000e+02
