2.800000000000000000e+02 2.750000000000000000e+02 2.640000000000000000e+02 2.430000000000000000e+02 2.220000000000000000e+02 2.020000000000000000e+02 1.880000000000000000e+02
2.800000000000000000e+02 2.750000000000000000e+02 2.640000000000000000e+02 2.430000000000000000e+02 2.220000000000000000e+02 2.020000000000000000e+02 1.880000000000000000e+02
2.800000000000000000e+02 2.750000000000000000e+02 2.640000000000000000e+02 2.430000000000000000e+02 2.220000000000000000e+02 2.020000000000000000e+02 1.880000000000000000e+02
2.800000000000000000e+02 2.750000000000000000e+02 2.640000000000000000e+02 2.430000000000000000e+02 2.220000000000000000e+02 2.020000000000000000e+02 1.880000000000000000e+02
2.800000000000000000e+02 2.750000000000000000e+02 2.640000000000000000e+02 2.430000000000000000e+02 2.220000000000000000e+02 2.020000000000000000e+02 1.880000000000000000e+02
2.800000000000000000e+02 2.750000000000000000e+02 2.640000000000000000e+02 2.430000000000000000e+02 2.220000000000000000e+02 2.020000000000000000e+02 1.880000000000000000e+02
2.800000000000000000e+02 2.750000000000000000e+02 2.640000000000000000e+02 2.430000000000000000e+02 2.220000000000000000e+02 2.020000000000000000e+02 1.880000000000000000e+02
2.800000000000000000e+02 2.750000000000000000e+02 2.640000000000000000e+02 2.430000000000000000e+02 2.220000000000000000e+02 2.020000000000000000e+02 1.880000000000000000e+02
2.800000000000000000e+02 2.750000000000000000e+02 2.640000000000000000e+02 2.430000000000000000e+02 2.220000000000000000e+02 2.020000000000000000e+02 1.880000000000000000e+02
2.800000000000000000e+02 2.750000000000000000e+02 2.640000000000000000e+02 2.430000000000000000e+02 2.220000000000000000e+02 2.020000000000000000e+02 1.880000000000000000e+02
2.800000000000000000e+02 2.750000000000000000e+02 2.640000000000000000e+02 2.430000000000000000e+02 2.220000000000000000e+02 2.020000000000000000e+02 1.880000000000000000e+02
2.800000000000000000e+02 2.750000000000000000e+02 2.640000000000000000e+02 2.430000000000000000e+02 2.220000000000000000e+02 2.020000000000000000e+02 1.880000000000000000e+02
2.800000000000000000e+02 2.750000000000000000e+02 2.640000000000000000e+02 2.430000000000000000e+02 2.220000000000000000e+02 2.020000000000000000e+02 1.880000000000000000e+02
2.800000000000000000e+02 2.750000000000000000e+02 2.640000000000000000e+02 2.430000000000000000e+02 2.220000000000000000e+02 2.020000000000000000e+02 1.880000000000000000e+02
2.800000000000000000e+02 2.750000000000000000e+02 2.640000000000000000e+02 2.430000000000000000e+02 2.220000000000000000e+02 2.020000000000000000e+02 1.880000000000000000e+02
2.800000000000000000e+02 2.750000000000000000e+02 2.640000000000000000e+02 2.430000000000000000e+02 2.220000000000000000e+02 2.020000000000000000e+02 1.880000000000000000e+02
2.800000000000000000e+02 2.750000000000000000e+02 2.640000000000000000e+02 2.430000000000000000e+02 2.220000000000000000e+02 2.020000000000000000e+02 1.880000000000000000e+02
2.800000000000000000e+02 2.750000000000000000e+02 2.640000000000000000e+02 2.430000000000000000e+02 2.220000000000000000e+02 2.020000000000000000e+02 1.880000000000000000e+02
2.800000000000000000e+02 2.750000000000000000e+02 2.640000000000000000e+02 2.430000000000000000e+02 2.220000000000000000e+02 2.020000000000000000e+02 1.880000000000000000e+02
2.800000000000000000e+02 2.750000000000000000e+02 2.640000000000000000e+02 2.430000000000000000e+02 2.220000000000000000e+02 2.020000000000000000e+02 1.880000000000000000e+02
2.800000000000000000e+02 2.750000000000000000e+02 2.640000000000000000e+02 2.430000000000000000e+02 2.220000000000000000e+02 2.020000000000000000e+02 1.880000000000000000e+02
2.800000000000000000e+02 2.750000000000000000e+02 2.640000000000000000e+02 2.430000000000000000e+02 2.220000000000000000e+02 2.020000000000000000e+02 1.880000000000000000e+02
2.800000000000000000e+02 2.750000000000000000e+02 2.640000000000000000e+02 2.430000000000000000e+02 2.220000000000000000e+02 2.020000000000000000e+02 1.880000000000000000e+02
2.800000000000000000e+02 2.750000000000000000e+02 2.640000000000000000e+02 2.430000000000000000e+02 2.220000000000000000e+02 2.020000000000000000e+02 1.880000000000000000e+02
2.800000000000000000e+02 2.750000000000000000e+02 2.640000000000000000e+02 2.430000000000000000e+02 2.220000000000000000e+02 2.020000000000000000e+02 1.880000000000000000e+02
2.800000000000000000e+02 2.750000000000000000e+02 2.640000000000000000e+02 2.430000000000000000e+02 2.220000000000000000e+02 2.020000000000000000e+02 1.880000000000000000e+02
2.800000000000000000e+02 2.750000000000000000e+02 2.640000000000000000e+02 2.430000000000000000e+02 2.220000000000000000e+02 2.020000000000000000e+02 1.880000000000000000e+02
2.800000000000000000e+02 2.750000000000000000e+02 2.640000000000000000e+02 2.430000000000000000e+02 2.220000000000000000e+02 2.020000000000000000e+02 1.880000000000000000e+02
2.800000000000000000e+02 2.750000000000000000e+02 2.640000000000000000e+02 2.430000000000000000e+02 2.220000000000000000e+02 2.020000000000000000e+02 1.880000000000000000e+02
2.800000000000000000e+02 2.750000000000000000e+02 2.640000000000000000e+02 2.430000000000000000e+02 2.220000000000000000e+02 2.020000000000000000e+02 1.880000000000000000e+02
2.800000000000000000e+02 2.750000000000000000e+02 2.640000000000000000e+02 2.430000000000000000e+02 2.220000000000000000e+02 2.020000000000000000e+02 1.880000000000000000e+02
2.800000000000000000e+02 2.750000000000000000e+02 2.640000000000000000e+02 2.430000000000000000e+02 2.220000000000000000e+02 2.020000000000000000e+02 1.880000000000000000e+02
2.800000000000000000e+02 2.750000000000000000e+02 2.640000000000000000e+02 2.430000000000000000e+02 2.220000000000000000e+02 2.020000000000000000e+02 1.880000000000000000e+02
2.800000000000000000e+02 2.750000000000000000e+02 2.640000000000000000e+02 2.430000000000000000e+02 2.220000000000000000e+02 2.020000000000000000e+02 1.880000000000000000e+02
2.800000000000000000e+02 2.750000000000000000e+02 2.640000000000000000e+02 2.430000000000000000e+02 2.220000000000000000e+02 2.020000000000000000e+02 1.880000000000000000e+02
2.800000000000000000e+02 2.750000000000000000e+02 2.640000000000000000e+02 2.430000000000000000e+02 2.220000000000000000e+02 2.020000000000000000e+02 1.880000000000000000e+02
2.800000000000000000e+02 2.750000000000000000e+02 2.640000000000000000e+02 2.430000000000000000e+02 2.220000000000000000e+02 2.020000000000000000e+02 1.880000000000000000e+02
2.800000000000000000e+02 2.750000000000000000e+02 2.640000000000000000e+02 2.430000000000000000e+02 2.220000000000000000e+02 2.020000000000000000e+02 1.880000000000000000e+02
2.800000000000000000e+02 2.750000000000000000e+02 2.640000000000000000e+02 2.430000000000000000e+02 2.220000000000000000e+02 2.020000000000000000e+02 1.880000000000000000e+02
2.800000000000000000e+02 2.750000000000000000e+02 2.640000000000000000e+02 2.430000000000000000e+02 2.220000000000000000e+02 2.020000000000000000e+02 1.880000000000000000e+02
2.800000000000000000e+02 2.750000000000000000e+02 2.640000000000000000e+02 2.430000000000000000e+02 2.220000000000000000e+02 2.020000000000000000e+02 1.880000000000000000e+02
2.800000000000000000e+02 2.750000000000000000e+02 2.640000000000000000e+02 2.430000000000000000e+02 2.220000000000000000e+02 2.020000000000000000e+02 1.880000000000000000e+02
2.800000000000000000e+02 2.750000000000000000e+02 2.640000000000000000e+02 2.430000000000000000e+02 2.220000000000000000e+02 2.020000000000000000e+02 1.880000000000000000e+02
2.800000000000000000e+02 2.750000000000000000e+02 2.640000000000000000e+02 2.430000000000000000e+02 2.220000000000000000e+02 2.020000000000000000e+02 1.880000000000000000e+02
2.800000000000000000e+02 2.750000000000000000e+02 2.640000000000000000e+02 2.430000000000000000e+02 2.220000000000000000e+02 2.020000000000000000e+02 1.880000000000000000e+02
2.800000000000000000e+02 2.750000000000000000e+02 2.640000000000000000e+02 2.430000000000000000e+02 2.220000000000000000e+02 2.020000000000000000e+02 1.880000000000000000e+02
2.800000000000000000e+02 2.750000000000000000e+02 2.640000000000000000e+02 2.430000000000000000e+02 2.220000000000000000e+02 2.020000000000000000e+02 1.880000000000000000e+02
2.800000000000000000e+02 2.750000000000000000e+02 2.640000000000000000e+02 2.430000000000000000e+02 2.220000000000000000e+02 2.020000000000000000e+02 1.880000000000000000e+02
2.800000000000000000e+02 2.750000000000000000e+02 2.640000000000000000e+02 2.430000000000000000e+02 2.220000000000000000e+02 2.020000000000000000e+02 1.880000000000000000e+02
2.800000000000000000e+02 2.750000000000000000e+02 2.640000000000000000e+02 2.430000000000000000e+02 2.220000000000000000e+02 2.020000000000000000e+02 1.880000000000000000e+02
2.800000000000000000e+02 2.750000000000000000e+02 2.640000000000000000e+02 2.430000000000000000e+02 2.220000000000000000e+02 2.020000000000000000e+02 1.880000000000000000e+02
2.800000000000000000e+02 2.750000000000000000e+02 2.640000000000000000e+02 2.430000000000000000e+02 2.220000000000000000e+02 2.020000000000000000e+02 1.880000000000000000e+02
2.800000000000000000e+02 2.750000000000000000e+02 2.640000000000000000e+02 2.430000000000000000e+02 2.220000000000000000e+02 2.020000000000000000e+02 1.880000000000000000e+02
2.800000000000000000e+02 2.750000000000000000e+02 2.640000000000000000e+02 2.430000000000000000e+02 2.220000000000000000e+02 2.020000000000000000e+02 1.880000000000000000e+02
2.800000000000000000e+02 2.750000000000000000e+02 2.640000000000000000e+02 2.430000000000000000e+02 2.220000000000000000e+02 2.020000000000000000e+02 1.880000000000000000e+02
2.800000000000000000e+02 2.750000000000000000e+02 2.640000000000000000e+02 2.430000000000000000e+02 2.220000000000000000e+02 2.020000000000000000e+02 1.880000000000000000e+02
2.800000000000000000e+02 2.750000000000000000e+02 2.640000000000000000e+02 2.430000000000000000e+02 2.220000000000000000e+02 2.020000000000000000e+02 1.880000000000000000e+02
2.800000000000000000e+02 2.750000000000000000e+02 2.640000000000000000e+02 2.430000000000000000e+02 2.220000000000000000e+02 2.020000000000000000e+02 1.880000000000000000e+02
2.800000000000000000e+02 2.750000000000000000e+02 2.640000000000000000e+02 2.430000000000000000e+02 2.220000000000000000e+02 2.020000000000000000e+02 1.880000000000000000e+02
2.800000000000000000e+02 2.750000000000000000e+02 2.640000000000000000e+02 2.430000000000000000e+02 2.220000000000000000e+02 2.020000000000000000e+02 1.880000000000000000e+02
2.800000000000000000e+02 2.750000000000000000e+02 2.640000000000000000e+02 2.430000000000000000e+02 2.220000000000000000e+02 2.020000000000000000e+02 1.880000000000000000e+02
2.800000000000000000e+02 2.750000000000000000e+02 2.640000000000000000e+02 2.430000000000000000e+02 2.220000000000000000e+02 2.020000000000000000e+02 1.880000000000000000e+02
2.800000000000000000e+02 2.750000000000000000e+02 2.640000000000000000e+02 2.430000000000000000e+02 2.220000000000000000e+02 2.020000000000000000e+02 1.880000000000000000e+02
2.800000000000000000e+02 2.750000000000000000e+02 2.640000000000000000e+02 2.430000000000000000e+02 2.220000000000000000e+02 2.020000000000000000e+02 1.880000000000000000e+02
2.800000000000000000e+02 2.750000000000000000e+02 2.640000000000000000e+02 2.430000000000000000e+02 2.220000000000000000e+02 2.020000000000000000e+02 1.880000000000000000e+02
2.800000000000000000e+02 2.750000000000000000e+02 2.640000000000000000e+02 2.430000000000000000e+02 2.220000000000000000e+02 2.020000000000000000e+02 1.880000000000000000e+02
2.800000000000000000e+02 2.750000000000000000e+02 2.640000000000000000e+02 2.430000000000000000e+02 2.220000000000000000e+02 2.020000000000000000e+02 1.880000000000000000e+02
2.800000000000000000e+02 2.750000000000000000e+02 2.640000000000000000e+02 2.430000000000000000e+02 2.220000000000000000e+02 2.020000000000000000e+02 1.880000000000000000e+02
2.800000000000000000e+02 2.750000000000000000e+02 2.640000000000000000e+02 2.430000000000000000e+02 2.220000000000000000e+02 2.020000000000000000e+02 1.880000000000000000e+02
2.800000000000000000e+02 2.750000000000000000e+02 2.640000000000000000e+02 2.430000000000000000e+02 2.220000000000000000e+02 2.020000000000000000e+02 1.880000000000000000e+02
2.800000000000000000e+02 2.750000000000000000e+02 2.640000000000000000e+02 2.430000000000000000e+02 2.220000000000000000e+02 2.020000000000000000e+02 1.880000000000000000e+02
2.800000000000000000e+02 2.750000000000000000e+02 2.640000000000000000e+02 2.430000000000000000e+02 2.220000000000000000e+02 2.020000000000000000e+02 1.880000000000000000e+02
2.800000000000000000e+02 2.750000000000000000e+02 2.640000000000000000e+02 2.430000000000000000e+02 2.220000000000000000e+02 2.020000000000000000e+02 1.880000000000000000e+02
2.800000000000000000e+02 2.750000000000000000e+02 2.640000000000000000e+02 2.430000000000000000e+02 2.220000000000000000e+02 2.020000000000000000e+02 1.880000000000000000e+02
2.800000000000000000e+02 2.750000000000000000e+02 2.640000000000000000e+02 2.430000000000000000e+02 2.220000000000000000e+02 2.020000000000000000e+02 1.880000000000000000e+02
2.800000000000000000e+02 2.750000000000000000e+02 2.640000000000000000e+02 2.430000000000000000e+02 2.220000000000000000e+02 2.020000000000000000e+02 1.880000000000000000e+02
2.800000000000000000e+02 2.750000000000000000e+02 2.640000000000000000e+02 2.430000000000000000e+02 2.220000000000000000e+02 2.020000000000000000e+02 1.880000000000000000e+02
2.800000000000000000e+02 2.750000000000000000e+02 2.640000000000000000e+02 2.430000000000000000e+02 2.220000000000000000e+02 2.020000000000000000e+02 1.880000000000000000e+02
2.800000000000000000e+02 2.750000000000000000e+02 2.640000000000000000e+02 2.430000000000000000e+02 2.220000000000000000e+02 2.020000000000000000e+02 1.880000000000000000e+02
2.800000000000000000e+02 2.750000000000000000e+02 2.640000000000000000e+02 2.430000000000000000e+02 2.220000000000000000e+02 2.020000000000000000e+02 1.880000000000000000e+02
2.800000000000000000e+02 2.750000000000000000e+02 2.640000000000000000e+02 2.430000000000000000e+02 2.220000000000000000e+02 2.020000000000000000e+02 1.880000000000000000e+02
2.800000000000000000e+02 2.750000000000000000e+02 2.640000000000000000e+02 2.430000000000000000e+02 2.220000000000000000e+02 2.020000000000000000e+02 1.880000000000000000e+02
2.800000000000000000e+02 2.750000000000000000e+02 2.640000000000000000e+02 2.430000000000000000e+02 2.220000000000000000e+02 2.020000000000000000e+02 1.880000000000000000e+02
2.800000000000000000e+02 2.750000000000000000e+02 2.640000000000000000e+02 2.430000000000000000e+02 2.220000000000000000e+02 2.020000000000000000e+02 1.880000000000000000e+02
2.800000000000000000e+02 2.750000000000000000e+02 2.640000000000000000e+02 2.430000000000000000e+02 2.220000000000000000e+02 2.020000000000000000e+02 1.880000000000000000e+02
2.800000000000000000e+02 2.750000000000000000e+02 2.640000000000000000e+02 2.430000000000000000e+02 2.220000000000000000e+02 2.020000000000000000e+02 1.880000000000000000e+02
2.800000000000000000e+02 2.750000000000000000e+02 2.640000000000000000e+02 2.430000000000000000e+02 2.220000000000000000e+02 2.020000000000000000e+02 1.880000000000000000e+02
2.800000000000000000e+02 2.750000000000000000e+02 2.640000000000000000e+02 2.430000000000000000e+02 2.220000000000000000e+02 2.020000000000000000e+02 1.880000000000000000e+02
2.800000000000000000e+02 2.750000000000000000e+02 2.640000000000000000e+02 2.430000000000000000e+02 2.220000000000000000e+02 2.020000000000000000e+02 1.880000000000000000e+02
2.800000000000000000e+02 2.750000000000000000e+02 2.640000000000000000e+02 2.430000000000000000e+02 2.220000000000000000e+02 2.020000000000000000e+02 1.880000000000000000e+02
2.800000000000000000e+02 2.750000000000000000e+02 2.640000000000000000e+02 2.430000000000000000e+02 2.220000000000000000e+02 2.020000000000000000e+02 1.880000000000000000e+02
2.800000000000000000e+02 2.750000000000000000e+02 2.640000000000000000e+02 2.430000000000000000e+02 2.220000000000000000e+02 2.020000000000000000e+02 1.880000000000000000e+02
2.800000000000000000e+02 2.750000000000000000e+02 2.640000000000000000e+02 2.430000000000000000e+02 2.220000000000000000e+02 2.020000000000000000e+02 1.880000000000000000e+02
2.800000000000000000e+02 2.750000000000000000e+02 2.640000000000000000e+02 2.430000000000000000e+02 2.220000000000000000e+02 2.020000000000000000e+02 1.880000000000000000e+02
2.800000000000000000e+02 2.750000000000000000e+02 2.640000000000000000e+02 2.430000000000000000e+02 2.220000000000000000e+02 2.020000000000000000e+02 1.880000000000000000e+02
2.800000000000000000e+02 2.750000000000000000e+02 2.640000000000000000e+02 2.430000000000000000e+02 2.220000000000000000e+02 2.020000000000000000e+02 1.880000000000000000e+02
2.800000000000000000e+02 2.750000000000000000e+02 2.640000000000000000e+02 2.430000000000000000e+02 2.220000000000000000e+02 2.020000000000000000e+02 1.880000000000000000e+02
2.800000000000000000e+02 2.750000000000000000e+02 2.640000000000000000e+02 2.430000000000000000e+02 2.220000000000000000e+02 2.020000000000000000e+02 1.880000000000000000e+02
2.800000000000000000e+02 2.750000000000000000e+02 2.640000000000000000e+02 2.430000000000000000e+02 2.220000000000000000e+02 2.020000000000000000e+02 1.880000000000000000e+02
