3.190000000000000000e+02 2.980000000000000000e+02 2.860000000000000000e+02 2.630000000000000000e+02 2.530000000000000000e+02 2.340000000000000000e+02 2.210000000000000000e+02
3.190000000000000000e+02 2.980000000000000000e+02 2.860000000000000000e+02 2.630000000000000000e+02 2.530000000000000000e+02 2.340000000000000000e+02 2.210000000000000000e+02
3.190000000000000000e+02 2.980000000000000000e+02 2.860000000000000000e+02 2.630000000000000000e+02 2.530000000000000000e+02 2.340000000000000000e+02 2.210000000000000000e+02
3.190000000000000000e+02 2.980000000000000000e+02 2.860000000000000000e+02 2.630000000000000000e+02 2.530000000000000000e+02 2.340000000000000000e+02 2.210000000000000000e+02
3.190000000000000000e+02 2.980000000000000000e+02 2.860000000000000000e+02 2.630000000000000000e+02 2.530000000000000000e+02 2.340000000000000000e+02 2.210000000000000000e+02
3.190000000000000000e+02 2.980000000000000000e+02 2.860000000000000000e+02 2.630000000000000000e+02 2.530000000000000000e+02 2.340000000000000000e+02 2.210000000000000000e+02
3.190000000000000000e+02 2.980000000000000000e+02 2.860000000000000000e+02 2.630000000000000000e+02 2.530000000000000000e+02 2.340000000000000000e+02 2.210000000000000000e+02
3.190000000000000000e+02 2.980000000000000000e+02 2.860000000000000000e+02 2.630000000000000000e+02 2.530000000000000000e+02 2.340000000000000000e+02 2.210000000000000000e+02
3.190000000000000000e+02 2.980000000000000000e+02 2.860000000000000000e+02 2.630000000000000000e+02 2.530000000000000000e+02 2.340000000000000000e+02 2.210000000000000000e+02
3.190000000000000000e+02 2.980000000000000000e+02 2.860000000000000000e+02 2.630000000000000000e+02 2.530000000000000000e+02 2.340000000000000000e+02 2.210000000000000000e+02
3.190000000000000000e+02 2.980000000000000000e+02 2.860000000000000000e+02 2.630000000000000000e+02 2.530000000000000000e+02 2.340000000000000000e+02 2.210000000000000000e+02
3.190000000000000000e+02 2.980000000000000000e+02 2.860000000000000000e+02 2.630000000000000000e+02 2.530000000000000000e+02 2.340000000000000000e+02 2.210000000000000000e+02
3.190000000000000000e+02 2.980000000000000000e+02 2.860000000000000000e+02 2.630000000000000000e+02 2.530000000000000000e+02 2.340000000000000000e+02 2.210000000000000000e+02
3.190000000000000000e+02 2.980000000000000000e+02 2.860000000000000000e+02 2.630000000000000000e+02 2.530000000000000000e+02 2.340000000000000000e+02 2.210000000000000000e+02
3.190000000000000000e+02 2.980000000000000000e+02 2.860000000000000000e+02 2.630000000000000000e+02 2.530000000000000000e+02 2.340000000000000000e+02 2.210000000000000000e+02
3.190000000000000000e+02 2.980000000000000000e+02 2.860000000000000000e+02 2.630000000000000000e+02 2.530000000000000000e+02 2.340000000000000000e+02 2.210000000000000000e+02
3.190000000000000000e+02 2.980000000000000000e+02 2.860000000000000000e+02 2.630000000000000000e+02 2.530000000000000000e+02 2.340000000000000000e+02 2.210000000000000000e+02
3.190000000000000000e+02 2.980000000000000000e+02 2.860000000000000000e+02 2.630000000000000000e+02 2.530000000000000000e+02 2.340000000000000000e+02 2.210000000000000000e+02
3.190000000000000000e+02 2.980000000000000000e+02 2.860000000000000000e+02 2.630000000000000000e+02 2.530000000000000000e+02 2.340000000000000000e+02 2.210000000000000000e+02
3.190000000000000000e+02 2.980000000000000000e+02 2.860000000000000000e+02 2.630000000000000000e+02 2.530000000000000000e+02 2.340000000000000000e+02 2.210000000000000000e+02
3.190000000000000000e+02 2.980000000000000000e+02 2.860000000000000000e+02 2.630000000000000000e+02 2.530000000000000000e+02 2.340000000000000000e+02 2.210000000000000000e+02
3.190000000000000000e+02 2.980000000000000000e+02 2.860000000000000000e+02 2.630000000000000000e+02 2.530000000000000000e+02 2.340000000000000000e+02 2.210000000000000000e+02
3.190000000000000000e+02 2.980000000000000000e+02 2.860000000000000000e+02 2.630000000000000000e+02 2.530000000000000000e+02 2.340000000000000000e+02 2.210000000000000000e+02
3.190000000000000000e+02 2.980000000000000000e+02 2.860000000000000000e+02 2.630000000000000000e+02 2.530000000000000000e+02 2.340000000000000000e+02 2.210000000000000000e+02
3.190000000000000000e+02 2.980000000000000000e+02 2.860000000000000000e+02 2.630000000000000000e+02 2.530000000000000000e+02 2.340000000000000000e+02 2.210000000000000000e+02
3.190000000000000000e+02 2.980000000000000000e+02 2.860000000000000000e+02 2.630000000000000000e+02 2.530000000000000000e+02 2.340000000000000000e+02 2.210000000000000000e+02
3.190000000000000000e+02 2.980000000000000000e+02 2.860000000000000000e+02 2.630000000000000000e+02 2.530000000000000000e+02 2.340000000000000000e+02 2.210000000000000000e+02
3.190000000000000000e+02 2.980000000000000000e+02 2.860000000000000000e+02 2.630000000000000000e+02 2.530000000000000000e+02 2.340000000000000000e+02 2.210000000000000000e+02
3.190000000000000000e+02 2.980000000000000000e+02 2.860000000000000000e+02 2.630000000000000000e+02 2.530000000000000000e+02 2.340000000000000000e+02 2.210000000000000000e+02
3.190000000000000000e+02 2.980000000000000000e+02 2.860000000000000000e+02 2.630000000000000000e+02 2.530000000000000000e+02 2.340000000000000000e+02 2.210000000000000000e+02
3.190000000000000000e+02 2.980000000000000000e+02 2.860000000000000000e+02 2.630000000000000000e+02 2.530000000000000000e+02 2.340000000000000000e+02 2.210000000000000000e+02
3.190000000000000000e+02 2.980000000000000000e+02 2.860000000000000000e+02 2.630000000000000000e+02 2.530000000000000000e+02 2.340000000000000000e+02 2.210000000000000000e+02
3.190000000000000000e+02 2.980000000000000000e+02 2.860000000000000000e+02 2.630000000000000000e+02 2.530000000000000000e+02 2.340000000000000000e+02 2.210000000000000000e+02
3.190000000000000000e+02 2.980000000000000000e+02 2.860000000000000000e+02 2.630000000000000000e+02 2.530000000000000000e+02 2.340000000000000000e+02 2.210000000000000000e+02
3.190000000000000000e+02 2.980000000000000000e+02 2.860000000000000000e+02 2.630000000000000000e+02 2.530000000000000000e+02 2.340000000000000000e+02 2.210000000000000000e+02
3.190000000000000000e+02 2.980000000000000000e+02 2.860000000000000000e+02 2.630000000000000000e+02 2.530000000000000000e+02 2.340000000000000000e+02 2.210000000000000000e+02
3.190000000000000000e+02 2.980000000000000000e+02 2.860000000000000000e+02 2.630000000000000000e+02 2.530000000000000000e+02 2.340000000000000000e+02 2.210000000000000000e+02
3.190000000000000000e+02 2.980000000000000000e+02 2.860000000000000000e+02 2.630000000000000000e+02 2.530000000000000000e+02 2.340000000000000000e+02 2.210000000000000000e+02
3.190000000000000000e+02 2.980000000000000000e+02 2.860000000000000000e+02 2.630000000000000000e+02 2.530000000000000000e+02 2.340000000000000000e+02 2.210000000000000000e+02
3.190000000000000000e+02 2.980000000000000000e+02 2.860000000000000000e+02 2.630000000000000000e+02 2.530000000000000000e+02 2.340000000000000000e+02 2.210000000000000000e+02
3.190000000000000000e+02 2.980000000000000000e+02 2.860000000000000000e+02 2.630000000000000000e+02 2.530000000000000000e+02 2.340000000000000000e+02 2.210000000000000000e+02
3.190000000000000000e+02 2.980000000000000000e+02 2.860000000000000000e+02 2.630000000000000000e+02 2.530000000000000000e+02 2.340000000000000000e+02 2.210000000000000000e+02
3.190000000000000000e+02 2.980000000000000000e+02 2.860000000000000000e+02 2.630000000000000000e+02 2.530000000000000000e+02 2.340000000000000000e+02 2.210000000000000000e+02
3.190000000000000000e+02 2.980000000000000000e+02 2.860000000000000000e+02 2.630000000000000000e+02 2.530000000000000000e+02 2.340000000000000000e+02 2.210000000000000000e+02
3.190000000000000000e+02 2.980000000000000000e+02 2.860000000000000000e+02 2.630000000000000000e+02 2.530000000000000000e+02 2.340000000000000000e+02 2.210000000000000000e+02
3.190000000000000000e+02 2.980000000000000000e+02 2.860000000000000000e+02 2.630000000000000000e+02 2.530000000000000000e+02 2.340000000000000000e+02 2.210000000000000000e+02
3.190000000000000000e+02 2.980000000000000000e+02 2.860000000000000000e+02 2.630000000000000000e+02 2.530000000000000000e+02 2.340000000000000000e+02 2.210000000000000000e+02
3.190000000000000000e+02 2.980000000000000000e+02 2.860000000000000000e+02 2.630000000000000000e+02 2.530000000000000000e+02 2.340000000000000000e+02 2.210000000000000000e+02
3.190000000000000000e+02 2.980000000000000000e+02 2.860000000000000000e+02 2.630000000000000000e+02 2.530000000000000000e+02 2.340000000000000000e+02 2.210000000000000000e+02
3.190000000000000000e+02 2.980000000000000000e+02 2.860000000000000000e+02 2.630000000000000000e+02 2.530000000000000000e+02 2.340000000000000000e+02 2.210000000000000000e+02
3.190000000000000000e+02 2.980000000000000000e+02 2.860000000000000000e+02 2.630000000000000000e+02 2.530000000000000000e+02 2.340000000000000000e+02 2.210000000000000000e+02
3.190000000000000000e+02 2.980000000000000000e+02 2.860000000000000000e+02 2.630000000000000000e+02 2.530000000000000000e+02 2.340000000000000000e+02 2.210000000000000000e+02
3.190000000000000000e+02 2.980000000000000000e+02 2.860000000000000000e+02 2.630000000000000000e+02 2.530000000000000000e+02 2.340000000000000000e+02 2.210000000000000000e+02
3.190000000000000000e+02 2.980000000000000000e+02 2.860000000000000000e+02 2.630000000000000000e+02 2.530000000000000000e+02 2.340000000000000000e+02 2.210000000000000000e+02
3.190000000000000000e+02 2.980000000000000000e+02 2.860000000000000000e+02 2.630000000000000000e+02 2.530000000000000000e+02 2.340000000000000000e+02 2.210000000000000000e+02
3.190000000000000000e+02 2.980000000000000000e+02 2.860000000000000000e+02 2.630000000000000000e+02 2.530000000000000000e+02 2.340000000000000000e+02 2.210000000000000000e+02
3.190000000000000000e+02 2.980000000000000000e+02 2.860000000000000000e+02 2.630000000000000000e+02 2.530000000000000000e+02 2.340000000000000000e+02 2.210000000000000000e+02
3.190000000000000000e+02 2.980000000000000000e+02 2.860000000000000000e+02 2.630000000000000000e+02 2.530000000000000000e+02 2.340000000000000000e+02 2.210000000000000000e+02
3.190000000000000000e+02 2.980000000000000000e+02 2.860000000000000000e+02 2.630000000000000000e+02 2.530000000000000000e+02 2.340000000000000000e+02 2.210000000000000000e+02
3.190000000000000000e+02 2.980000000000000000e+02 2.860000000000000000e+02 2.630000000000000000e+02 2.530000000000000000e+02 2.340000000000000000e+02 2.210000000000000000e+02
3.190000000000000000e+02 2.980000000000000000e+02 2.860000000000000000e+02 2.630000000000000000e+02 2.530000000000000000e+02 2.340000000000000000e+02 2.210000000000000000e+02
3.190000000000000000e+02 2.980000000000000000e+02 2.860000000000000000e+02 2.630000000000000000e+02 2.530000000000000000e+02 2.340000000000000000e+02 2.210000000000000000e+02
3.190000000000000000e+02 2.980000000000000000e+02 2.860000000000000000e+02 2.630000000000000000e+02 2.530000000000000000e+02 2.340000000000000000e+02 2.210000000000000000e+02
3.190000000000000000e+02 2.980000000000000000e+02 2.860000000000000000e+02 2.630000000000000000e+02 2.530000000000000000e+02 2.340000000000000000e+02 2.210000000000000000e+02
3.190000000000000000e+02 2.980000000000000000e+02 2.860000000000000000e+02 2.630000000000000000e+02 2.530000000000000000e+02 2.340000000000000000e+02 2.210000000000000000e+02
3.190000000000000000e+02 2.980000000000000000e+02 2.860000000000000000e+02 2.630000000000000000e+02 2.530000000000000000e+02 2.340000000000000000e+02 2.210000000000000000e+02
3.190000000000000000e+02 2.980000000000000000e+02 2.860000000000000000e+02 2.630000000000000000e+02 2.530000000000000000e+02 2.340000000000000000e+02 2.210000000000000000e+02
3.190000000000000000e+02 2.980000000000000000e+02 2.860000000000000000e+02 2.630000000000000000e+02 2.530000000000000000e+02 2.340000000000000000e+02 2.210000000000000000e+02
3.190000000000000000e+02 2.980000000000000000e+02 2.860000000000000000e+02 2.630000000000000000e+02 2.530000000000000000e+02 2.340000000000000000e+02 2.210000000000000000e+02
3.190000000000000000e+02 2.980000000000000000e+02 2.860000000000000000e+02 2.630000000000000000e+02 2.530000000000000000e+02 2.340000000000000000e+02 2.210000000000000000e+02
3.190000000000000000e+02 2.980000000000000000e+02 2.860000000000000000e+02 2.630000000000000000e+02 2.530000000000000000e+02 2.340000000000000000e+02 2.210000000000000000e+02
3.190000000000000000e+02 2.980000000000000000e+02 2.860000000000000000e+02 2.630000000000000000e+02 2.530000000000000000e+02 2.340000000000000000e+02 2.210000000000000000e+02
3.190000000000000000e+02 2.980000000000000000e+02 2.860000000000000000e+02 2.630000000000000000e+02 2.530000000000000000e+02 2.340000000000000000e+02 2.210000000000000000e+02
3.190000000000000000e+02 2.980000000000000000e+02 2.860000000000000000e+02 2.630000000000000000e+02 2.530000000000000000e+02 2.340000000000000000e+02 2.210000000000000000e+02
3.190000000000000000e+02 2.980000000000000000e+02 2.860000000000000000e+02 2.630000000000000000e+02 2.530000000000000000e+02 2.340000000000000000e+02 2.210000000000000000e+02
3.190000000000000000e+02 2.980000000000000000e+02 2.860000000000000000e+02 2.630000000000000000e+02 2.530000000000000000e+02 2.340000000000000000e+02 2.210000000000000000e+02
3.190000000000000000e+02 2.980000000000000000e+02 2.860000000000000000e+02 2.630000000000000000e+02 2.530000000000000000e+02 2.340000000000000000e+02 2.210000000000000000e+02
3.190000000000000000e+02 2.980000000000000000e+02 2.860000000000000000e+02 2.630000000000000000e+02 2.530000000000000000e+02 2.340000000000000000e+02 2.210000000000000000e+02
3.190000000000000000e+02 2.980000000000000000e+02 2.860000000000000000e+02 2.630000000000000000e+02 2.530000000000000000e+02 2.340000000000000000e+02 2.210000000000000000e+02
3.190000000000000000e+02 2.980000000000000000e+02 2.860000000000000000e+02 2.630000000000000000e+02 2.530000000000000000e+02 2.340000000000000000e+02 2.210000000000000000e+02
3.190000000000000000e+02 2.980000000000000000e+02 2.860000000000000000e+02 2.630000000000000000e+02 2.530000000000000000e+02 2.340000000000000000e+02 2.210000000000000000e+02
3.190000000000000000e+02 2.980000000000000000e+02 2.860000000000000000e+02 2.630000000000000000e+02 2.530000000000000000e+02 2.340000000000000000e+02 2.210000000000000000e+02
3.190000000000000000e+02 2.980000000000000000e+02 2.860000000000000000e+02 2.630000000000000000e+02 2.530000000000000000e+02 2.340000000000000000e+02 2.210000000000000000e+02
3.190000000000000000e+02 2.980000000000000000e+02 2.860000000000000000e+02 2.630000000000000000e+02 2.530000000000000000e+02 2.340000000000000000e+02 2.210000000000000000e+02
3.190000000000000000e+02 2.980000000000000000e+02 2.860000000000000000e+02 2.630000000000000000e+02 2.530000000000000000e+02 2.340000000000000000e+02 2.210000000000000000e+02
3.190000000000000000e+02 2.980000000000000000e+02 2.860000000000000000e+02 2.630000000000000000e+02 2.530000000000000000e+02 2.340000000000000000e+02 2.210000000000000000e+02
3.190000000000000000e+02 2.980000000000000000e+02 2.860000000000000000e+02 2.630000000000000000e+02 2.530000000000000000e+02 2.340000000000000000e+02 2.210000000000000000e+02
3.190000000000000000e+02 2.980000000000000000e+02 2.860000000000000000e+02 2.630000000000000000e+02 2.530000000000000000e+02 2.340000000000000000e+02 2.210000000000000000e+02
3.190000000000000000e+02 2.980000000000000000e+02 2.860000000000000000e+02 2.630000000000000000e+02 2.530000000000000000e+02 2.340000000000000000e+02 2.210000000000000000e+02
3.190000000000000000e+02 2.980000000000000000e+02 2.860000000000000000e+02 2.630000000000000000e+02 2.530000000000000000e+02 2.340000000000000000e+02 2.210000000000000000e+02
3.190000000000000000e+02 2.980000000000000000e+02 2.860000000000000000e+02 2.630000000000000000e+02 2.530000000000000000e+02 2.340000000000000000e+02 2.210000000000000000e+02
3.190000000000000000e+02 2.980000000000000000e+02 2.860000000000000000e+02 2.630000000000000000e+02 2.530000000000000000e+02 2.340000000000000000e+02 2.210000000000000000e+02
3.190000000000000000e+02 2.980000000000000000e+02 2.860000000000000000e+02 2.630000000000000000e+02 2.530000000000000000e+02 2.340000000000000000e+02 2.210000000000000000e+02
3.190000000000000000e+02 2.980000000000000000e+02 2.860000000000000000e+02 2.630000000000000000e+02 2.530000000000000000e+02 2.340000000000000000e+02 2.210000000000000000e+02
3.190000000000000000e+02 2.980000000000000000e+02 2.860000000000000000e+02 2.630000000000000000e+02 2.530000000000000000e+02 2.340000000000000000e+02 2.210000000000000000e+02
3.190000000000000000e+02 2.980000000000000000e+02 2.860000000000000000e+02 2.630000000000000000e+02 2.530000000000000000e+02 2.340000000000000000e+02 2.210000000000000000e+02
3.190000000000000000e+02 2.980000000000000000e+02 2.860000000000000000e+02 2.630000000000000000e+02 2.530000000000000000e+02 2.340000000000000000e+02 2.210000000000000000e+02
3.190000000000000000e+02 2.980000000000000000e+02 2.860000000000000000e+02 2.630000000000000000e+02 2.530000000000000000e+02 2.340000000000000000e+02 2.210000000000000000e+02
3.190000000000000000e+02 2.980000000000000000e+02 2.860000000000000000e+02 2.630000000000000000e+02 2.530000000000000000e+02 2.340000000000000000e+02 2.210000000000000000e+02
