4.016000000000000000e+03 3.795000000000000000e+03 3.534000000000000000e+03 3.795000000000000000e+03 3.276000000000000000e+03 3.199000000000000000e+03 3.086000000000000000e+03 3.045000000000000000e+03 3.005000000000000000e+03 2.709000000000000000e+03 2.763000000000000000e+03 2.675000000000000000e+03 2.510000000000000000e+03 2.382000000000000000e+03 2.336000000000000000e+03 2.205000000000000000e+03 1.979000000000000000e+03 1.865000000000000000e+03 1.766000000000000000e+03 1.633000000000000000e+03
4.465000000000000000e+03 4.282000000000000000e+03 3.973000000000000000e+03 4.273000000000000000e+03 3.693000000000000000e+03 3.577000000000000000e+03 3.467000000000000000e+03 3.405000000000000000e+03 3.395000000000000000e+03 3.050000000000000000e+03 3.094000000000000000e+03 3.004000000000000000e+03 2.814000000000000000e+03 2.716000000000000000e+03 2.642000000000000000e+03 2.516000000000000000e+03 2.222000000000000000e+03 2.114000000000000000e+03 1.996000000000000000e+03 1.872000000000000000e+03
5.013000000000000000e+03 4.794000000000000000e+03 4.431000000000000000e+03 4.754000000000000000e+03 4.154000000000000000e+03 4.094000000000000000e+03 3.934000000000000000e+03 3.846000000000000000e+03 3.803000000000000000e+03 3.454000000000000000e+03 3.482000000000000000e+03 3.377000000000000000e+03 3.180000000000000000e+03 3.064000000000000000e+03 2.959000000000000000e+03 2.847000000000000000e+03 2.523000000000000000e+03 2.402000000000000000e+03 2.266000000000000000e+03 2.106000000000000000e+03
5.542000000000000000e+03 5.319000000000000000e+03 4.964000000000000000e+03 5.282000000000000000e+03 4.676000000000000000e+03 4.616000000000000000e+03 4.415000000000000000e+03 4.295000000000000000e+03 4.275000000000000000e+03 3.891000000000000000e+03 3.904000000000000000e+03 3.840000000000000000e+03 3.559000000000000000e+03 3.445000000000000000e+03 3.328000000000000000e+03 3.173000000000000000e+03 2.869000000000000000e+03 2.733000000000000000e+03 2.558000000000000000e+03 2.371000000000000000e+03
6.129000000000000000e+03 5.905000000000000000e+03 5.495000000000000000e+03 5.857000000000000000e+03 5.201000000000000000e+03 5.172000000000000000e+03 4.931000000000000000e+03 4.799000000000000000e+03 4.798000000000000000e+03 4.386000000000000000e+03 4.394000000000000000e+03 4.269000000000000000e+03 4.006000000000000000e+03 3.881000000000000000e+03 3.728000000000000000e+03 3.545000000000000000e+03 3.270000000000000000e+03 3.096000000000000000e+03 2.906000000000000000e+03 2.673000000000000000e+03
6.767000000000000000e+03 6.589000000000000000e+03 6.128000000000000000e+03 6.473000000000000000e+03 5.787000000000000000e+03 5.799000000000000000e+03 5.499000000000000000e+03 5.388000000000000000e+03 5.375000000000000000e+03 4.931000000000000000e+03 4.890000000000000000e+03 4.763000000000000000e+03 4.453000000000000000e+03 4.360000000000000000e+03 4.162000000000000000e+03 3.981000000000000000e+03 3.684000000000000000e+03 3.512000000000000000e+03 3.284000000000000000e+03 3.024000000000000000e+03
7.474000000000000000e+03 7.294000000000000000e+03 6.774000000000000000e+03 7.141000000000000000e+03 6.443000000000000000e+03 6.436000000000000000e+03 6.162000000000000000e+03 5.995000000000000000e+03 5.965000000000000000e+03 5.440000000000000000e+03 5.438000000000000000e+03 5.316000000000000000e+03 4.961000000000000000e+03 4.858000000000000000e+03 4.649000000000000000e+03 4.442000000000000000e+03 4.115000000000000000e+03 3.931000000000000000e+03 3.683000000000000000e+03 3.379000000000000000e+03
8.249000000000000000e+03 8.059000000000000000e+03 7.508000000000000000e+03 7.820000000000000000e+03 7.101000000000000000e+03 7.105000000000000000e+03 6.828000000000000000e+03 6.650000000000000000e+03 6.557000000000000000e+03 6.060000000000000000e+03 5.985000000000000000e+03 5.902000000000000000e+03 5.510000000000000000e+03 5.422000000000000000e+03 5.179000000000000000e+03 4.976000000000000000e+03 4.558000000000000000e+03 4.377000000000000000e+03 4.127000000000000000e+03 3.808000000000000000e+03
9.116000000000000000e+03 8.871000000000000000e+03 8.238000000000000000e+03 8.530000000000000000e+03 7.884000000000000000e+03 7.850000000000000000e+03 7.535000000000000000e+03 7.306000000000000000e+03 7.208000000000000000e+03 6.723000000000000000e+03 6.613000000000000000e+03 6.498000000000000000e+03 6.064000000000000000e+03 5.954000000000000000e+03 5.717000000000000000e+03 5.501000000000000000e+03 5.072000000000000000e+03 4.883000000000000000e+03 4.593000000000000000e+03 4.239000000000000000e+03
9.962000000000000000e+03 9.698000000000000000e+03 9.051000000000000000e+03 9.225000000000000000e+03 8.645000000000000000e+03 8.592000000000000000e+03 8.241000000000000000e+03 8.007000000000000000e+03 7.900000000000000000e+03 7.396000000000000000e+03 7.285000000000000000e+03 7.115000000000000000e+03 6.624000000000000000e+03 6.549000000000000000e+03 6.290000000000000000e+03 6.035000000000000000e+03 5.551000000000000000e+03 5.339000000000000000e+03 5.044000000000000000e+03 4.690000000000000000e+03
1.085000000000000000e+04 1.051300000000000000e+04 9.810000000000000000e+03 9.840000000000000000e+03 9.410000000000000000e+03 9.338000000000000000e+03 9.006000000000000000e+03 8.715000000000000000e+03 8.612000000000000000e+03 8.034000000000000000e+03 7.959000000000000000e+03 7.775000000000000000e+03 7.229000000000000000e+03 7.143000000000000000e+03 6.891000000000000000e+03 6.605000000000000000e+03 6.082000000000000000e+03 5.850000000000000000e+03 5.495000000000000000e+03 5.143000000000000000e+03
1.159700000000000000e+04 1.130400000000000000e+04 1.051900000000000000e+04 1.029800000000000000e+04 1.012600000000000000e+04 1.004900000000000000e+04 9.683000000000000000e+03 9.357000000000000000e+03 9.222000000000000000e+03 8.628000000000000000e+03 8.502000000000000000e+03 8.353000000000000000e+03 7.776000000000000000e+03 7.672000000000000000e+03 7.380000000000000000e+03 7.082000000000000000e+03 6.539000000000000000e+03 6.331000000000000000e+03 5.903000000000000000e+03 5.562000000000000000e+03
1.223000000000000000e+04 1.189100000000000000e+04 1.113200000000000000e+04 1.061300000000000000e+04 1.069700000000000000e+04 1.057100000000000000e+04 1.026200000000000000e+04 9.872000000000000000e+03 9.790000000000000000e+03 9.145000000000000000e+03 8.969000000000000000e+03 8.852000000000000000e+03 8.193000000000000000e+03 8.106000000000000000e+03 7.775000000000000000e+03 7.487000000000000000e+03 6.928000000000000000e+03 6.718000000000000000e+03 6.270000000000000000e+03 5.903000000000000000e+03
1.268000000000000000e+04 1.231700000000000000e+04 1.157300000000000000e+04 1.087600000000000000e+04 1.110900000000000000e+04 1.096800000000000000e+04 1.068500000000000000e+04 1.031300000000000000e+04 1.017400000000000000e+04 9.563000000000000000e+03 9.321000000000000000e+03 9.262000000000000000e+03 8.542000000000000000e+03 8.456000000000000000e+03 8.097000000000000000e+03 7.809000000000000000e+03 7.224000000000000000e+03 7.025000000000000000e+03 6.539000000000000000e+03 6.205000000000000000e+03
1.298400000000000000e+04 1.265100000000000000e+04 1.186600000000000000e+04 1.108600000000000000e+04 1.142100000000000000e+04 1.127800000000000000e+04 1.096900000000000000e+04 1.059600000000000000e+04 1.049300000000000000e+04 9.875000000000000000e+03 9.622000000000000000e+03 9.549000000000000000e+03 8.831000000000000000e+03 8.741000000000000000e+03 8.320000000000000000e+03 8.087000000000000000e+03 7.466000000000000000e+03 7.254000000000000000e+03 6.783000000000000000e+03 6.431000000000000000e+03
1.324300000000000000e+04 1.288900000000000000e+04 1.211300000000000000e+04 1.126600000000000000e+04 1.165800000000000000e+04 1.153400000000000000e+04 1.121200000000000000e+04 1.082700000000000000e+04 1.072500000000000000e+04 1.016300000000000000e+04 9.878000000000000000e+03 9.798000000000000000e+03 9.055000000000000000e+03 8.957000000000000000e+03 8.542000000000000000e+03 8.283000000000000000e+03 7.664000000000000000e+03 7.435000000000000000e+03 6.964000000000000000e+03 6.637000000000000000e+03
1.344100000000000000e+04 1.310500000000000000e+04 1.231500000000000000e+04 1.143000000000000000e+04 1.185700000000000000e+04 1.172400000000000000e+04 1.141400000000000000e+04 1.105200000000000000e+04 1.092700000000000000e+04 1.038000000000000000e+04 1.005700000000000000e+04 9.977000000000000000e+03 9.257000000000000000e+03 9.174000000000000000e+03 8.714000000000000000e+03 8.467000000000000000e+03 7.834000000000000000e+03 7.595000000000000000e+03 7.110000000000000000e+03 6.803000000000000000e+03
1.361500000000000000e+04 1.329500000000000000e+04 1.247200000000000000e+04 1.156700000000000000e+04 1.204000000000000000e+04 1.188900000000000000e+04 1.157900000000000000e+04 1.122700000000000000e+04 1.110100000000000000e+04 1.056200000000000000e+04 1.023100000000000000e+04 1.013800000000000000e+04 9.422000000000000000e+03 9.340000000000000000e+03 8.873000000000000000e+03 8.618000000000000000e+03 7.971000000000000000e+03 7.739000000000000000e+03 7.252000000000000000e+03 6.927000000000000000e+03
1.377200000000000000e+04 1.345200000000000000e+04 1.260700000000000000e+04 1.168600000000000000e+04 1.219300000000000000e+04 1.201600000000000000e+04 1.172500000000000000e+04 1.136800000000000000e+04 1.123100000000000000e+04 1.072500000000000000e+04 1.037000000000000000e+04 1.028700000000000000e+04 9.549000000000000000e+03 9.481000000000000000e+03 9.018000000000000000e+03 8.750000000000000000e+03 8.109000000000000000e+03 7.850000000000000000e+03 7.369000000000000000e+03 7.058000000000000000e+03
1.392800000000000000e+04 1.360800000000000000e+04 1.274500000000000000e+04 1.179200000000000000e+04 1.231500000000000000e+04 1.213800000000000000e+04 1.185100000000000000e+04 1.151000000000000000e+04 1.136800000000000000e+04 1.085800000000000000e+04 1.050900000000000000e+04 1.038500000000000000e+04 9.679000000000000000e+03 9.614000000000000000e+03 9.129000000000000000e+03 8.881000000000000000e+03 8.215000000000000000e+03 7.974000000000000000e+03 7.501000000000000000e+03 7.136000000000000000e+03
1.405000000000000000e+04 1.374500000000000000e+04 1.286500000000000000e+04 1.189200000000000000e+04 1.242600000000000000e+04 1.225300000000000000e+04 1.198500000000000000e+04 1.162600000000000000e+04 1.146200000000000000e+04 1.096700000000000000e+04 1.058900000000000000e+04 1.049000000000000000e+04 9.778000000000000000e+03 9.722000000000000000e+03 9.230000000000000000e+03 8.988000000000000000e+03 8.342000000000000000e+03 8.073000000000000000e+03 7.613000000000000000e+03 7.252000000000000000e+03
1.416300000000000000e+04 1.386100000000000000e+04 1.295800000000000000e+04 1.198900000000000000e+04 1.253200000000000000e+04 1.236200000000000000e+04 1.208300000000000000e+04 1.173400000000000000e+04 1.155000000000000000e+04 1.105600000000000000e+04 1.067500000000000000e+04 1.056900000000000000e+04 9.887000000000000000e+03 9.808000000000000000e+03 9.322000000000000000e+03 9.097000000000000000e+03 8.427000000000000000e+03 8.175000000000000000e+03 7.718000000000000000e+03 7.334000000000000000e+03
1.426700000000000000e+04 1.397900000000000000e+04 1.306200000000000000e+04 1.206300000000000000e+04 1.261900000000000000e+04 1.245500000000000000e+04 1.217800000000000000e+04 1.182400000000000000e+04 1.163500000000000000e+04 1.115400000000000000e+04 1.074800000000000000e+04 1.064900000000000000e+04 9.952000000000000000e+03 9.895000000000000000e+03 9.402000000000000000e+03 9.183000000000000000e+03 8.509000000000000000e+03 8.237000000000000000e+03 7.791000000000000000e+03 7.415000000000000000e+03
1.438600000000000000e+04 1.406400000000000000e+04 1.316900000000000000e+04 1.215200000000000000e+04 1.270900000000000000e+04 1.254700000000000000e+04 1.227000000000000000e+04 1.192400000000000000e+04 1.171500000000000000e+04 1.124300000000000000e+04 1.083000000000000000e+04 1.072600000000000000e+04 1.003400000000000000e+04 9.962000000000000000e+03 9.477000000000000000e+03 9.266000000000000000e+03 8.593000000000000000e+03 8.298000000000000000e+03 7.852000000000000000e+03 7.482000000000000000e+03
1.448700000000000000e+04 1.415500000000000000e+04 1.326000000000000000e+04 1.223200000000000000e+04 1.278000000000000000e+04 1.264100000000000000e+04 1.234400000000000000e+04 1.199200000000000000e+04 1.177200000000000000e+04 1.132900000000000000e+04 1.089600000000000000e+04 1.078000000000000000e+04 1.009400000000000000e+04 1.002100000000000000e+04 9.535000000000000000e+03 9.330000000000000000e+03 8.655000000000000000e+03 8.361000000000000000e+03 7.918000000000000000e+03 7.536000000000000000e+03
1.459300000000000000e+04 1.424400000000000000e+04 1.334500000000000000e+04 1.230900000000000000e+04 1.288200000000000000e+04 1.271000000000000000e+04 1.242100000000000000e+04 1.207800000000000000e+04 1.185500000000000000e+04 1.140400000000000000e+04 1.097600000000000000e+04 1.085200000000000000e+04 1.016900000000000000e+04 1.007500000000000000e+04 9.602000000000000000e+03 9.397000000000000000e+03 8.716000000000000000e+03 8.422000000000000000e+03 7.980000000000000000e+03 7.576000000000000000e+03
1.468800000000000000e+04 1.435000000000000000e+04 1.343900000000000000e+04 1.238300000000000000e+04 1.295900000000000000e+04 1.280300000000000000e+04 1.248700000000000000e+04 1.216000000000000000e+04 1.192400000000000000e+04 1.149200000000000000e+04 1.105800000000000000e+04 1.091600000000000000e+04 1.024100000000000000e+04 1.013400000000000000e+04 9.655000000000000000e+03 9.458000000000000000e+03 8.788000000000000000e+03 8.480000000000000000e+03 8.023000000000000000e+03 7.638000000000000000e+03
1.478900000000000000e+04 1.443900000000000000e+04 1.352300000000000000e+04 1.247300000000000000e+04 1.305900000000000000e+04 1.290400000000000000e+04 1.258400000000000000e+04 1.224800000000000000e+04 1.201100000000000000e+04 1.156800000000000000e+04 1.111300000000000000e+04 1.099900000000000000e+04 1.031200000000000000e+04 1.019400000000000000e+04 9.718000000000000000e+03 9.513000000000000000e+03 8.855000000000000000e+03 8.539000000000000000e+03 8.090000000000000000e+03 7.683000000000000000e+03
1.489300000000000000e+04 1.453500000000000000e+04 1.361400000000000000e+04 1.257700000000000000e+04 1.313800000000000000e+04 1.300000000000000000e+04 1.268300000000000000e+04 1.233900000000000000e+04 1.209000000000000000e+04 1.164300000000000000e+04 1.119000000000000000e+04 1.107200000000000000e+04 1.037600000000000000e+04 1.027000000000000000e+04 9.773000000000000000e+03 9.596000000000000000e+03 8.919000000000000000e+03 8.600000000000000000e+03 8.143000000000000000e+03 7.733000000000000000e+03
1.500100000000000000e+04 1.465300000000000000e+04 1.371900000000000000e+04 1.266000000000000000e+04 1.322800000000000000e+04 1.309400000000000000e+04 1.278400000000000000e+04 1.243200000000000000e+04 1.217900000000000000e+04 1.172400000000000000e+04 1.126800000000000000e+04 1.115100000000000000e+04 1.046300000000000000e+04 1.034300000000000000e+04 9.835000000000000000e+03 9.669000000000000000e+03 8.992000000000000000e+03 8.663000000000000000e+03 8.216000000000000000e+03 7.779000000000000000e+03
1.512600000000000000e+04 1.477000000000000000e+04 1.384600000000000000e+04 1.277600000000000000e+04 1.333200000000000000e+04 1.319900000000000000e+04 1.289200000000000000e+04 1.255200000000000000e+04 1.227200000000000000e+04 1.181900000000000000e+04 1.135200000000000000e+04 1.123100000000000000e+04 1.055400000000000000e+04 1.042900000000000000e+04 9.920000000000000000e+03 9.737000000000000000e+03 9.064000000000000000e+03 8.733000000000000000e+03 8.292000000000000000e+03 7.850000000000000000e+03
1.524500000000000000e+04 1.491500000000000000e+04 1.396700000000000000e+04 1.289600000000000000e+04 1.344500000000000000e+04 1.332000000000000000e+04 1.298800000000000000e+04 1.263000000000000000e+04 1.237100000000000000e+04 1.192300000000000000e+04 1.143900000000000000e+04 1.132700000000000000e+04 1.064600000000000000e+04 1.050600000000000000e+04 1.000700000000000000e+04 9.813000000000000000e+03 9.138000000000000000e+03 8.794000000000000000e+03 8.355000000000000000e+03 7.922000000000000000e+03
1.538900000000000000e+04 1.503300000000000000e+04 1.408600000000000000e+04 1.300100000000000000e+04 1.358200000000000000e+04 1.344100000000000000e+04 1.309700000000000000e+04 1.275600000000000000e+04 1.250000000000000000e+04 1.202400000000000000e+04 1.152900000000000000e+04 1.141700000000000000e+04 1.074400000000000000e+04 1.059900000000000000e+04 1.010500000000000000e+04 9.902000000000000000e+03 9.226000000000000000e+03 8.876000000000000000e+03 8.437000000000000000e+03 7.999000000000000000e+03
1.551500000000000000e+04 1.518700000000000000e+04 1.420900000000000000e+04 1.311500000000000000e+04 1.370000000000000000e+04 1.356000000000000000e+04 1.321800000000000000e+04 1.286900000000000000e+04 1.259600000000000000e+04 1.214100000000000000e+04 1.162800000000000000e+04 1.151000000000000000e+04 1.084000000000000000e+04 1.068000000000000000e+04 1.021200000000000000e+04 9.988000000000000000e+03 9.314000000000000000e+03 8.959000000000000000e+03 8.503000000000000000e+03 8.063000000000000000e+03
1.567100000000000000e+04 1.533700000000000000e+04 1.435400000000000000e+04 1.324800000000000000e+04 1.386000000000000000e+04 1.369900000000000000e+04 1.333500000000000000e+04 1.299200000000000000e+04 1.270200000000000000e+04 1.225700000000000000e+04 1.175100000000000000e+04 1.162900000000000000e+04 1.095700000000000000e+04 1.076800000000000000e+04 1.030100000000000000e+04 1.008000000000000000e+04 9.411000000000000000e+03 9.045000000000000000e+03 8.581000000000000000e+03 8.136000000000000000e+03
1.582000000000000000e+04 1.549700000000000000e+04 1.449000000000000000e+04 1.336700000000000000e+04 1.401900000000000000e+04 1.381600000000000000e+04 1.346000000000000000e+04 1.310500000000000000e+04 1.281900000000000000e+04 1.240400000000000000e+04 1.188600000000000000e+04 1.173600000000000000e+04 1.105200000000000000e+04 1.088200000000000000e+04 1.042100000000000000e+04 1.019200000000000000e+04 9.517000000000000000e+03 9.146000000000000000e+03 8.663000000000000000e+03 8.234000000000000000e+03
1.596700000000000000e+04 1.565000000000000000e+04 1.463000000000000000e+04 1.350900000000000000e+04 1.413200000000000000e+04 1.394900000000000000e+04 1.361800000000000000e+04 1.323000000000000000e+04 1.297700000000000000e+04 1.254600000000000000e+04 1.202300000000000000e+04 1.186300000000000000e+04 1.116500000000000000e+04 1.099700000000000000e+04 1.052300000000000000e+04 1.028400000000000000e+04 9.634000000000000000e+03 9.233000000000000000e+03 8.745000000000000000e+03 8.310000000000000000e+03
1.613000000000000000e+04 1.582600000000000000e+04 1.481000000000000000e+04 1.365300000000000000e+04 1.424800000000000000e+04 1.409100000000000000e+04 1.375600000000000000e+04 1.336800000000000000e+04 1.312200000000000000e+04 1.267900000000000000e+04 1.215500000000000000e+04 1.199700000000000000e+04 1.128200000000000000e+04 1.112800000000000000e+04 1.063500000000000000e+04 1.039800000000000000e+04 9.735000000000000000e+03 9.342000000000000000e+03 8.843000000000000000e+03 8.389000000000000000e+03
1.630200000000000000e+04 1.598100000000000000e+04 1.498000000000000000e+04 1.382300000000000000e+04 1.441300000000000000e+04 1.423600000000000000e+04 1.389700000000000000e+04 1.351400000000000000e+04 1.327300000000000000e+04 1.282100000000000000e+04 1.229300000000000000e+04 1.213700000000000000e+04 1.141500000000000000e+04 1.123900000000000000e+04 1.076100000000000000e+04 1.051000000000000000e+04 9.872000000000000000e+03 9.450000000000000000e+03 8.940000000000000000e+03 8.480000000000000000e+03
1.643700000000000000e+04 1.613000000000000000e+04 1.513900000000000000e+04 1.395900000000000000e+04 1.455300000000000000e+04 1.435600000000000000e+04 1.403500000000000000e+04 1.365000000000000000e+04 1.339700000000000000e+04 1.297800000000000000e+04 1.244200000000000000e+04 1.228000000000000000e+04 1.155600000000000000e+04 1.136000000000000000e+04 1.085200000000000000e+04 1.061800000000000000e+04 9.990000000000000000e+03 9.559000000000000000e+03 9.047000000000000000e+03 8.567000000000000000e+03
1.665300000000000000e+04 1.632300000000000000e+04 1.531200000000000000e+04 1.412500000000000000e+04 1.472400000000000000e+04 1.452400000000000000e+04 1.418300000000000000e+04 1.383200000000000000e+04 1.354400000000000000e+04 1.314600000000000000e+04 1.258800000000000000e+04 1.243100000000000000e+04 1.168500000000000000e+04 1.149500000000000000e+04 1.098300000000000000e+04 1.074700000000000000e+04 1.012300000000000000e+04 9.689000000000000000e+03 9.154000000000000000e+03 8.675000000000000000e+03
1.683700000000000000e+04 1.648800000000000000e+04 1.547000000000000000e+04 1.429600000000000000e+04 1.489000000000000000e+04 1.466400000000000000e+04 1.435400000000000000e+04 1.398300000000000000e+04 1.367100000000000000e+04 1.329400000000000000e+04 1.272000000000000000e+04 1.257000000000000000e+04 1.181100000000000000e+04 1.163100000000000000e+04 1.111700000000000000e+04 1.086900000000000000e+04 1.024500000000000000e+04 9.811000000000000000e+03 9.264000000000000000e+03 8.773000000000000000e+03
1.702000000000000000e+04 1.667600000000000000e+04 1.564200000000000000e+04 1.447600000000000000e+04 1.507000000000000000e+04 1.484200000000000000e+04 1.451400000000000000e+04 1.414700000000000000e+04 1.383200000000000000e+04 1.343500000000000000e+04 1.287100000000000000e+04 1.273500000000000000e+04 1.195500000000000000e+04 1.175600000000000000e+04 1.127800000000000000e+04 1.100600000000000000e+04 1.037600000000000000e+04 9.938000000000000000e+03 9.382000000000000000e+03 8.914000000000000000e+03
1.720800000000000000e+04 1.685000000000000000e+04 1.582300000000000000e+04 1.465200000000000000e+04 1.526200000000000000e+04 1.498500000000000000e+04 1.465900000000000000e+04 1.430900000000000000e+04 1.399200000000000000e+04 1.357800000000000000e+04 1.301400000000000000e+04 1.289200000000000000e+04 1.210000000000000000e+04 1.189200000000000000e+04 1.141000000000000000e+04 1.112200000000000000e+04 1.050400000000000000e+04 1.005100000000000000e+04 9.491000000000000000e+03 8.999000000000000000e+03
1.740600000000000000e+04 1.705200000000000000e+04 1.603400000000000000e+04 1.481900000000000000e+04 1.543800000000000000e+04 1.516700000000000000e+04 1.484200000000000000e+04 1.447100000000000000e+04 1.417300000000000000e+04 1.375800000000000000e+04 1.317800000000000000e+04 1.303700000000000000e+04 1.223800000000000000e+04 1.206100000000000000e+04 1.151900000000000000e+04 1.127000000000000000e+04 1.062900000000000000e+04 1.018000000000000000e+04 9.613000000000000000e+03 9.102000000000000000e+03
1.760400000000000000e+04 1.726700000000000000e+04 1.622400000000000000e+04 1.499400000000000000e+04 1.563500000000000000e+04 1.534900000000000000e+04 1.501800000000000000e+04 1.463800000000000000e+04 1.432800000000000000e+04 1.391300000000000000e+04 1.334100000000000000e+04 1.319800000000000000e+04 1.241400000000000000e+04 1.220300000000000000e+04 1.168100000000000000e+04 1.139100000000000000e+04 1.075100000000000000e+04 1.029700000000000000e+04 9.743000000000000000e+03 9.219000000000000000e+03
1.781300000000000000e+04 1.745300000000000000e+04 1.644100000000000000e+04 1.518300000000000000e+04 1.582500000000000000e+04 1.552900000000000000e+04 1.521800000000000000e+04 1.481100000000000000e+04 1.450900000000000000e+04 1.408900000000000000e+04 1.351200000000000000e+04 1.337300000000000000e+04 1.258800000000000000e+04 1.233000000000000000e+04 1.182900000000000000e+04 1.154500000000000000e+04 1.088800000000000000e+04 1.043900000000000000e+04 9.865000000000000000e+03 9.333000000000000000e+03
1.801600000000000000e+04 1.767800000000000000e+04 1.664000000000000000e+04 1.537000000000000000e+04 1.605200000000000000e+04 1.569800000000000000e+04 1.539400000000000000e+04 1.499400000000000000e+04 1.467900000000000000e+04 1.428200000000000000e+04 1.369000000000000000e+04 1.351400000000000000e+04 1.274700000000000000e+04 1.248700000000000000e+04 1.197300000000000000e+04 1.166200000000000000e+04 1.103000000000000000e+04 1.059200000000000000e+04 1.000500000000000000e+04 9.443000000000000000e+03
1.822500000000000000e+04 1.789500000000000000e+04 1.685500000000000000e+04 1.556200000000000000e+04 1.626600000000000000e+04 1.589600000000000000e+04 1.558300000000000000e+04 1.521100000000000000e+04 1.488400000000000000e+04 1.448600000000000000e+04 1.388600000000000000e+04 1.367600000000000000e+04 1.291400000000000000e+04 1.265100000000000000e+04 1.211600000000000000e+04 1.182500000000000000e+04 1.117900000000000000e+04 1.075400000000000000e+04 1.013500000000000000e+04 9.605000000000000000e+03
1.844500000000000000e+04 1.812000000000000000e+04 1.709300000000000000e+04 1.577000000000000000e+04 1.647500000000000000e+04 1.608600000000000000e+04 1.578000000000000000e+04 1.538500000000000000e+04 1.503400000000000000e+04 1.466900000000000000e+04 1.406300000000000000e+04 1.384300000000000000e+04 1.309900000000000000e+04 1.281400000000000000e+04 1.227200000000000000e+04 1.200300000000000000e+04 1.132500000000000000e+04 1.092000000000000000e+04 1.026300000000000000e+04 9.736000000000000000e+03
1.866800000000000000e+04 1.832300000000000000e+04 1.730100000000000000e+04 1.599500000000000000e+04 1.670300000000000000e+04 1.628200000000000000e+04 1.598700000000000000e+04 1.558400000000000000e+04 1.519600000000000000e+04 1.485800000000000000e+04 1.427000000000000000e+04 1.401700000000000000e+04 1.328300000000000000e+04 1.298900000000000000e+04 1.244500000000000000e+04 1.218800000000000000e+04 1.149600000000000000e+04 1.108000000000000000e+04 1.040200000000000000e+04 9.869000000000000000e+03
1.889300000000000000e+04 1.851700000000000000e+04 1.751100000000000000e+04 1.619100000000000000e+04 1.689700000000000000e+04 1.650300000000000000e+04 1.618500000000000000e+04 1.578400000000000000e+04 1.540400000000000000e+04 1.505700000000000000e+04 1.442700000000000000e+04 1.420900000000000000e+04 1.344600000000000000e+04 1.314600000000000000e+04 1.259500000000000000e+04 1.235100000000000000e+04 1.164600000000000000e+04 1.119200000000000000e+04 1.054100000000000000e+04 9.992000000000000000e+03
1.912800000000000000e+04 1.879200000000000000e+04 1.775700000000000000e+04 1.641100000000000000e+04 1.716300000000000000e+04 1.675300000000000000e+04 1.641600000000000000e+04 1.602000000000000000e+04 1.561900000000000000e+04 1.530200000000000000e+04 1.463600000000000000e+04 1.441800000000000000e+04 1.365800000000000000e+04 1.332600000000000000e+04 1.280800000000000000e+04 1.256700000000000000e+04 1.183400000000000000e+04 1.136400000000000000e+04 1.074100000000000000e+04 1.014400000000000000e+04
1.933100000000000000e+04 1.899500000000000000e+04 1.796300000000000000e+04 1.660900000000000000e+04 1.734900000000000000e+04 1.696600000000000000e+04 1.663300000000000000e+04 1.620500000000000000e+04 1.580800000000000000e+04 1.547800000000000000e+04 1.480800000000000000e+04 1.460300000000000000e+04 1.386200000000000000e+04 1.350500000000000000e+04 1.297200000000000000e+04 1.273500000000000000e+04 1.198100000000000000e+04 1.150500000000000000e+04 1.088900000000000000e+04 1.027100000000000000e+04
1.962100000000000000e+04 1.927200000000000000e+04 1.823400000000000000e+04 1.686500000000000000e+04 1.762400000000000000e+04 1.723100000000000000e+04 1.688000000000000000e+04 1.645200000000000000e+04 1.603900000000000000e+04 1.570400000000000000e+04 1.504500000000000000e+04 1.481000000000000000e+04 1.404700000000000000e+04 1.372100000000000000e+04 1.320600000000000000e+04 1.294100000000000000e+04 1.217600000000000000e+04 1.168300000000000000e+04 1.107300000000000000e+04 1.045500000000000000e+04
1.988400000000000000e+04 1.954900000000000000e+04 1.849400000000000000e+04 1.714800000000000000e+04 1.787600000000000000e+04 1.744200000000000000e+04 1.710000000000000000e+04 1.670300000000000000e+04 1.624900000000000000e+04 1.591300000000000000e+04 1.523800000000000000e+04 1.501600000000000000e+04 1.424900000000000000e+04 1.391600000000000000e+04 1.335300000000000000e+04 1.312600000000000000e+04 1.234100000000000000e+04 1.182700000000000000e+04 1.122500000000000000e+04 1.061800000000000000e+04
2.011200000000000000e+04 1.979400000000000000e+04 1.876900000000000000e+04 1.739000000000000000e+04 1.810900000000000000e+04 1.767100000000000000e+04 1.730500000000000000e+04 1.688500000000000000e+04 1.645700000000000000e+04 1.611500000000000000e+04 1.543800000000000000e+04 1.518400000000000000e+04 1.442300000000000000e+04 1.410900000000000000e+04 1.352400000000000000e+04 1.331200000000000000e+04 1.251800000000000000e+04 1.197300000000000000e+04 1.138900000000000000e+04 1.076600000000000000e+04
2.043700000000000000e+04 2.012500000000000000e+04 1.906500000000000000e+04 1.766800000000000000e+04 1.837500000000000000e+04 1.794800000000000000e+04 1.756900000000000000e+04 1.713100000000000000e+04 1.669300000000000000e+04 1.638300000000000000e+04 1.566800000000000000e+04 1.544200000000000000e+04 1.467900000000000000e+04 1.434600000000000000e+04 1.373100000000000000e+04 1.353600000000000000e+04 1.272300000000000000e+04 1.217600000000000000e+04 1.157100000000000000e+04 1.094500000000000000e+04
2.075800000000000000e+04 2.040100000000000000e+04 1.930300000000000000e+04 1.790100000000000000e+04 1.861700000000000000e+04 1.822000000000000000e+04 1.782300000000000000e+04 1.737500000000000000e+04 1.694200000000000000e+04 1.661500000000000000e+04 1.591400000000000000e+04 1.568100000000000000e+04 1.492200000000000000e+04 1.459200000000000000e+04 1.391500000000000000e+04 1.374100000000000000e+04 1.289700000000000000e+04 1.237900000000000000e+04 1.175500000000000000e+04 1.112600000000000000e+04
2.110600000000000000e+04 2.070900000000000000e+04 1.961200000000000000e+04 1.820600000000000000e+04 1.893000000000000000e+04 1.850200000000000000e+04 1.809700000000000000e+04 1.764400000000000000e+04 1.721200000000000000e+04 1.687000000000000000e+04 1.616600000000000000e+04 1.593200000000000000e+04 1.518400000000000000e+04 1.481400000000000000e+04 1.416200000000000000e+04 1.394100000000000000e+04 1.309900000000000000e+04 1.256200000000000000e+04 1.195100000000000000e+04 1.132200000000000000e+04
2.137700000000000000e+04 2.098300000000000000e+04 1.989000000000000000e+04 1.847300000000000000e+04 1.919500000000000000e+04 1.872000000000000000e+04 1.833800000000000000e+04 1.789000000000000000e+04 1.746500000000000000e+04 1.710600000000000000e+04 1.639800000000000000e+04 1.613800000000000000e+04 1.543600000000000000e+04 1.502300000000000000e+04 1.436100000000000000e+04 1.412500000000000000e+04 1.328000000000000000e+04 1.273600000000000000e+04 1.211000000000000000e+04 1.149100000000000000e+04
2.173300000000000000e+04 2.138900000000000000e+04 2.025700000000000000e+04 1.881800000000000000e+04 1.953900000000000000e+04 1.906400000000000000e+04 1.864600000000000000e+04 1.820500000000000000e+04 1.777300000000000000e+04 1.741700000000000000e+04 1.668000000000000000e+04 1.643300000000000000e+04 1.574100000000000000e+04 1.531500000000000000e+04 1.459200000000000000e+04 1.437800000000000000e+04 1.353400000000000000e+04 1.297200000000000000e+04 1.232800000000000000e+04 1.169600000000000000e+04
2.205700000000000000e+04 2.171500000000000000e+04 2.060100000000000000e+04 1.911500000000000000e+04 1.984100000000000000e+04 1.937000000000000000e+04 1.893100000000000000e+04 1.845800000000000000e+04 1.805800000000000000e+04 1.769300000000000000e+04 1.692600000000000000e+04 1.670400000000000000e+04 1.599600000000000000e+04 1.555800000000000000e+04 1.482400000000000000e+04 1.460600000000000000e+04 1.375700000000000000e+04 1.317100000000000000e+04 1.252600000000000000e+04 1.187600000000000000e+04
2.241500000000000000e+04 2.205400000000000000e+04 2.095100000000000000e+04 1.948600000000000000e+04 2.018600000000000000e+04 1.969000000000000000e+04 1.927100000000000000e+04 1.877200000000000000e+04 1.836400000000000000e+04 1.796300000000000000e+04 1.718400000000000000e+04 1.700400000000000000e+04 1.626100000000000000e+04 1.582200000000000000e+04 1.507700000000000000e+04 1.482400000000000000e+04 1.401800000000000000e+04 1.338500000000000000e+04 1.275400000000000000e+04 1.208500000000000000e+04
2.271800000000000000e+04 2.236100000000000000e+04 2.127200000000000000e+04 1.980600000000000000e+04 2.047900000000000000e+04 1.995800000000000000e+04 1.954900000000000000e+04 1.903200000000000000e+04 1.861000000000000000e+04 1.820800000000000000e+04 1.745000000000000000e+04 1.725600000000000000e+04 1.647800000000000000e+04 1.603300000000000000e+04 1.530300000000000000e+04 1.502800000000000000e+04 1.420400000000000000e+04 1.356500000000000000e+04 1.294400000000000000e+04 1.224400000000000000e+04
2.316700000000000000e+04 2.278300000000000000e+04 2.168400000000000000e+04 2.017700000000000000e+04 2.088200000000000000e+04 2.037600000000000000e+04 1.992400000000000000e+04 1.940300000000000000e+04 1.895300000000000000e+04 1.855200000000000000e+04 1.779700000000000000e+04 1.758300000000000000e+04 1.680100000000000000e+04 1.635100000000000000e+04 1.555800000000000000e+04 1.532600000000000000e+04 1.448900000000000000e+04 1.384600000000000000e+04 1.319300000000000000e+04 1.248100000000000000e+04
2.352600000000000000e+04 2.311600000000000000e+04 2.206100000000000000e+04 2.053400000000000000e+04 2.121500000000000000e+04 2.072000000000000000e+04 2.025200000000000000e+04 1.970800000000000000e+04 1.926300000000000000e+04 1.889000000000000000e+04 1.806400000000000000e+04 1.786400000000000000e+04 1.707000000000000000e+04 1.664800000000000000e+04 1.584300000000000000e+04 1.560400000000000000e+04 1.470100000000000000e+04 1.408400000000000000e+04 1.343100000000000000e+04 1.268800000000000000e+04
2.391400000000000000e+04 2.350800000000000000e+04 2.246300000000000000e+04 2.092800000000000000e+04 2.158800000000000000e+04 2.109100000000000000e+04 2.062800000000000000e+04 2.007300000000000000e+04 1.958700000000000000e+04 1.922700000000000000e+04 1.836600000000000000e+04 1.820300000000000000e+04 1.734700000000000000e+04 1.692700000000000000e+04 1.614000000000000000e+04 1.587200000000000000e+04 1.498400000000000000e+04 1.431900000000000000e+04 1.366300000000000000e+04 1.290900000000000000e+04
2.434700000000000000e+04 2.393500000000000000e+04 2.288100000000000000e+04 2.132900000000000000e+04 2.195700000000000000e+04 2.146600000000000000e+04 2.102900000000000000e+04 2.046100000000000000e+04 1.996500000000000000e+04 1.953600000000000000e+04 1.870100000000000000e+04 1.856000000000000000e+04 1.769500000000000000e+04 1.724400000000000000e+04 1.644000000000000000e+04 1.618000000000000000e+04 1.521800000000000000e+04 1.460300000000000000e+04 1.392800000000000000e+04 1.316100000000000000e+04
2.468300000000000000e+04 2.425700000000000000e+04 2.321500000000000000e+04 2.165800000000000000e+04 2.225800000000000000e+04 2.177900000000000000e+04 2.131000000000000000e+04 2.076300000000000000e+04 2.025500000000000000e+04 1.982000000000000000e+04 1.897800000000000000e+04 1.883900000000000000e+04 1.796800000000000000e+04 1.745700000000000000e+04 1.667600000000000000e+04 1.644800000000000000e+04 1.543600000000000000e+04 1.481500000000000000e+04 1.416100000000000000e+04 1.336000000000000000e+04
2.518900000000000000e+04 2.477000000000000000e+04 2.369800000000000000e+04 2.211900000000000000e+04 2.272600000000000000e+04 2.223700000000000000e+04 2.170200000000000000e+04 2.119600000000000000e+04 2.070200000000000000e+04 2.019200000000000000e+04 1.936500000000000000e+04 1.923400000000000000e+04 1.836300000000000000e+04 1.785100000000000000e+04 1.701900000000000000e+04 1.675200000000000000e+04 1.576000000000000000e+04 1.513600000000000000e+04 1.445200000000000000e+04 1.363700000000000000e+04
2.560400000000000000e+04 2.516700000000000000e+04 2.409400000000000000e+04 2.250700000000000000e+04 2.309600000000000000e+04 2.258100000000000000e+04 2.207000000000000000e+04 2.156600000000000000e+04 2.105300000000000000e+04 2.053700000000000000e+04 1.968800000000000000e+04 1.953900000000000000e+04 1.863500000000000000e+04 1.815400000000000000e+04 1.733600000000000000e+04 1.702600000000000000e+04 1.600600000000000000e+04 1.540500000000000000e+04 1.470600000000000000e+04 1.386100000000000000e+04
2.600100000000000000e+04 2.560100000000000000e+04 2.451700000000000000e+04 2.292300000000000000e+04 2.350400000000000000e+04 2.295300000000000000e+04 2.246200000000000000e+04 2.194500000000000000e+04 2.146300000000000000e+04 2.090700000000000000e+04 2.005800000000000000e+04 1.989300000000000000e+04 1.896800000000000000e+04 1.849100000000000000e+04 1.764900000000000000e+04 1.732300000000000000e+04 1.626200000000000000e+04 1.567900000000000000e+04 1.496500000000000000e+04 1.410100000000000000e+04
2.666000000000000000e+04 2.628700000000000000e+04 2.520200000000000000e+04 2.355600000000000000e+04 2.414500000000000000e+04 2.356500000000000000e+04 2.304900000000000000e+04 2.250000000000000000e+04 2.200100000000000000e+04 2.142200000000000000e+04 2.059600000000000000e+04 2.042000000000000000e+04 1.945400000000000000e+04 1.892200000000000000e+04 1.810000000000000000e+04 1.775800000000000000e+04 1.667100000000000000e+04 1.608400000000000000e+04 1.536100000000000000e+04 1.446100000000000000e+04
2.706900000000000000e+04 2.668200000000000000e+04 2.560000000000000000e+04 2.391600000000000000e+04 2.455700000000000000e+04 2.394400000000000000e+04 2.339400000000000000e+04 2.284200000000000000e+04 2.234400000000000000e+04 2.174200000000000000e+04 2.089100000000000000e+04 2.071500000000000000e+04 1.973100000000000000e+04 1.918100000000000000e+04 1.836300000000000000e+04 1.798700000000000000e+04 1.691000000000000000e+04 1.630600000000000000e+04 1.556700000000000000e+04 1.467400000000000000e+04
2.788100000000000000e+04 2.747500000000000000e+04 2.645300000000000000e+04 2.579700000000000000e+04 2.537400000000000000e+04 2.476700000000000000e+04 2.418900000000000000e+04 2.360400000000000000e+04 2.314400000000000000e+04 2.255500000000000000e+04 2.166400000000000000e+04 2.146900000000000000e+04 2.029100000000000000e+04 1.965200000000000000e+04 1.890500000000000000e+04 1.840600000000000000e+04 1.734600000000000000e+04 1.673900000000000000e+04 1.595500000000000000e+04 1.503700000000000000e+04
2.854200000000000000e+04 2.810700000000000000e+04 2.707900000000000000e+04 2.648500000000000000e+04 2.594100000000000000e+04 2.535700000000000000e+04 2.478000000000000000e+04 2.419000000000000000e+04 2.369700000000000000e+04 2.316600000000000000e+04 2.221200000000000000e+04 2.201500000000000000e+04 2.114400000000000000e+04 2.037900000000000000e+04 1.974100000000000000e+04 1.925700000000000000e+04 1.827000000000000000e+04 1.755500000000000000e+04 1.683800000000000000e+04 1.592200000000000000e+04
2.896700000000000000e+04 2.847500000000000000e+04 2.751800000000000000e+04 2.695100000000000000e+04 2.636200000000000000e+04 2.575000000000000000e+04 2.514700000000000000e+04 2.456400000000000000e+04 2.405800000000000000e+04 2.351500000000000000e+04 2.254000000000000000e+04 2.235000000000000000e+04 2.146300000000000000e+04 2.070300000000000000e+04 2.004200000000000000e+04 1.960300000000000000e+04 1.857100000000000000e+04 1.787400000000000000e+04 1.716900000000000000e+04 1.623400000000000000e+04
2.963100000000000000e+04 2.914800000000000000e+04 2.823600000000000000e+04 2.757400000000000000e+04 2.697600000000000000e+04 2.632200000000000000e+04 2.575200000000000000e+04 2.517000000000000000e+04 2.465000000000000000e+04 2.404400000000000000e+04 2.311900000000000000e+04 2.286800000000000000e+04 2.199000000000000000e+04 2.123300000000000000e+04 2.050600000000000000e+04 2.007800000000000000e+04 1.908000000000000000e+04 1.831600000000000000e+04 1.759900000000000000e+04 1.668800000000000000e+04
3.013500000000000000e+04 2.962900000000000000e+04 2.871200000000000000e+04 2.801700000000000000e+04 2.743600000000000000e+04 2.676600000000000000e+04 2.618900000000000000e+04 2.560400000000000000e+04 2.508600000000000000e+04 2.445000000000000000e+04 2.349700000000000000e+04 2.324300000000000000e+04 2.235900000000000000e+04 2.156900000000000000e+04 2.087000000000000000e+04 2.040800000000000000e+04 1.941400000000000000e+04 1.859800000000000000e+04 1.789200000000000000e+04 1.695000000000000000e+04
3.067100000000000000e+04 3.015400000000000000e+04 2.925300000000000000e+04 2.851900000000000000e+04 2.790000000000000000e+04 2.723600000000000000e+04 2.662400000000000000e+04 2.602800000000000000e+04 2.553700000000000000e+04 2.483800000000000000e+04 2.390900000000000000e+04 2.364400000000000000e+04 2.275800000000000000e+04 2.196700000000000000e+04 2.122800000000000000e+04 2.076600000000000000e+04 1.977000000000000000e+04 1.891400000000000000e+04 1.820800000000000000e+04 1.729600000000000000e+04
3.119700000000000000e+04 3.069500000000000000e+04 2.977600000000000000e+04 2.903700000000000000e+04 2.841600000000000000e+04 2.774100000000000000e+04 2.714600000000000000e+04 2.650900000000000000e+04 2.599900000000000000e+04 2.532300000000000000e+04 2.436400000000000000e+04 2.409200000000000000e+04 2.316100000000000000e+04 2.238400000000000000e+04 2.160000000000000000e+04 2.112800000000000000e+04 2.013700000000000000e+04 1.921200000000000000e+04 1.853700000000000000e+04 1.759900000000000000e+04
3.179100000000000000e+04 3.128700000000000000e+04 3.032700000000000000e+04 2.959300000000000000e+04 2.895500000000000000e+04 2.827800000000000000e+04 2.767000000000000000e+04 2.702000000000000000e+04 2.652900000000000000e+04 2.582500000000000000e+04 2.480900000000000000e+04 2.452600000000000000e+04 2.357400000000000000e+04 2.281800000000000000e+04 2.203100000000000000e+04 2.151700000000000000e+04 2.053500000000000000e+04 1.957700000000000000e+04 1.887800000000000000e+04 1.791300000000000000e+04
3.239000000000000000e+04 3.191000000000000000e+04 3.092100000000000000e+04 3.017200000000000000e+04 2.952200000000000000e+04 2.887800000000000000e+04 2.823300000000000000e+04 2.759900000000000000e+04 2.706200000000000000e+04 2.634000000000000000e+04 2.534800000000000000e+04 2.499600000000000000e+04 2.404700000000000000e+04 2.327400000000000000e+04 2.244800000000000000e+04 2.193800000000000000e+04 2.093000000000000000e+04 1.996100000000000000e+04 1.925800000000000000e+04 1.829900000000000000e+04
3.308500000000000000e+04 3.257500000000000000e+04 3.164600000000000000e+04 3.080900000000000000e+04 3.011700000000000000e+04 2.945500000000000000e+04 2.886600000000000000e+04 2.818000000000000000e+04 2.762100000000000000e+04 2.688800000000000000e+04 2.585000000000000000e+04 2.549000000000000000e+04 2.450100000000000000e+04 2.373300000000000000e+04 2.295900000000000000e+04 2.240800000000000000e+04 2.137200000000000000e+04 2.036200000000000000e+04 1.964900000000000000e+04 1.868200000000000000e+04
3.380100000000000000e+04 3.330100000000000000e+04 3.237300000000000000e+04 3.148000000000000000e+04 3.082100000000000000e+04 3.009000000000000000e+04 2.951000000000000000e+04 2.881800000000000000e+04 2.819300000000000000e+04 2.745500000000000000e+04 2.640600000000000000e+04 2.599900000000000000e+04 2.502700000000000000e+04 2.425500000000000000e+04 2.344700000000000000e+04 2.288700000000000000e+04 2.183800000000000000e+04 2.079700000000000000e+04 2.009300000000000000e+04 1.907600000000000000e+04
3.460600000000000000e+04 3.408000000000000000e+04 3.313400000000000000e+04 3.219000000000000000e+04 3.151700000000000000e+04 3.079600000000000000e+04 3.017900000000000000e+04 2.951600000000000000e+04 2.881100000000000000e+04 2.808700000000000000e+04 2.702400000000000000e+04 2.661400000000000000e+04 2.558500000000000000e+04 2.475100000000000000e+04 2.397000000000000000e+04 2.338600000000000000e+04 2.228700000000000000e+04 2.132500000000000000e+04 2.052400000000000000e+04 1.948100000000000000e+04
3.528200000000000000e+04 3.470600000000000000e+04 3.376700000000000000e+04 3.274000000000000000e+04 3.209800000000000000e+04 3.135700000000000000e+04 3.074000000000000000e+04 3.007000000000000000e+04 2.934500000000000000e+04 2.858500000000000000e+04 2.750700000000000000e+04 2.708100000000000000e+04 2.608900000000000000e+04 2.518100000000000000e+04 2.438900000000000000e+04 2.377700000000000000e+04 2.266900000000000000e+04 2.167300000000000000e+04 2.086600000000000000e+04 1.981300000000000000e+04
3.642700000000000000e+04 3.584200000000000000e+04 3.486500000000000000e+04 3.377400000000000000e+04 3.315500000000000000e+04 3.240000000000000000e+04 3.170400000000000000e+04 3.107000000000000000e+04 3.033700000000000000e+04 2.956700000000000000e+04 2.840100000000000000e+04 2.796400000000000000e+04 2.697800000000000000e+04 2.602300000000000000e+04 2.522900000000000000e+04 2.458400000000000000e+04 2.348300000000000000e+04 2.243400000000000000e+04 2.157100000000000000e+04 2.052600000000000000e+04
3.691200000000000000e+04 3.627800000000000000e+04 3.536900000000000000e+04 3.418800000000000000e+04 3.360100000000000000e+04 3.277800000000000000e+04 3.211800000000000000e+04 3.144400000000000000e+04 3.071500000000000000e+04 2.995800000000000000e+04 2.875900000000000000e+04 2.833000000000000000e+04 2.735000000000000000e+04 2.636400000000000000e+04 2.556800000000000000e+04 2.491700000000000000e+04 2.375700000000000000e+04 2.271500000000000000e+04 2.183800000000000000e+04 2.081000000000000000e+04
3.739800000000000000e+04 3.676300000000000000e+04 3.584600000000000000e+04 3.460800000000000000e+04 3.400200000000000000e+04 3.319500000000000000e+04 3.252900000000000000e+04 3.185700000000000000e+04 3.109300000000000000e+04 3.034300000000000000e+04 2.912700000000000000e+04 2.863900000000000000e+04 2.770500000000000000e+04 2.671800000000000000e+04 2.590200000000000000e+04 2.521600000000000000e+04 2.409500000000000000e+04 2.300900000000000000e+04 2.210500000000000000e+04 2.107800000000000000e+04
3.837400000000000000e+04 3.769700000000000000e+04 3.680800000000000000e+04 3.552600000000000000e+04 3.486500000000000000e+04 3.409400000000000000e+04 3.339400000000000000e+04 3.271200000000000000e+04 3.193100000000000000e+04 3.112600000000000000e+04 2.992500000000000000e+04 2.937600000000000000e+04 2.844100000000000000e+04 2.740200000000000000e+04 2.660000000000000000e+04 2.588300000000000000e+04 2.472600000000000000e+04 2.359900000000000000e+04 2.270100000000000000e+04 2.164000000000000000e+04
3.888000000000000000e+04 3.817100000000000000e+04 3.731900000000000000e+04 3.596700000000000000e+04 3.535500000000000000e+04 3.455800000000000000e+04 3.385000000000000000e+04 3.314300000000000000e+04 3.238300000000000000e+04 3.153200000000000000e+04 3.035400000000000000e+04 2.977100000000000000e+04 2.882000000000000000e+04 2.779000000000000000e+04 2.694200000000000000e+04 2.622900000000000000e+04 2.503600000000000000e+04 2.393300000000000000e+04 2.302200000000000000e+04 2.190200000000000000e+04
3.940500000000000000e+04 3.871400000000000000e+04 3.784700000000000000e+04 3.647400000000000000e+04 3.585800000000000000e+04 3.505100000000000000e+04 3.430800000000000000e+04 3.362400000000000000e+04 3.285000000000000000e+04 3.196200000000000000e+04 3.077400000000000000e+04 3.017700000000000000e+04 2.923100000000000000e+04 2.816900000000000000e+04 2.728900000000000000e+04 2.658500000000000000e+04 2.536400000000000000e+04 2.425700000000000000e+04 2.333100000000000000e+04 2.220500000000000000e+04
3.996300000000000000e+04 3.924600000000000000e+04 3.846400000000000000e+04 3.701200000000000000e+04 3.635500000000000000e+04 3.555400000000000000e+04 3.479500000000000000e+04 3.414600000000000000e+04 3.334500000000000000e+04 3.240800000000000000e+04 3.118600000000000000e+04 3.063700000000000000e+04 2.965700000000000000e+04 2.856100000000000000e+04 2.767200000000000000e+04 2.693300000000000000e+04 2.570700000000000000e+04 2.457000000000000000e+04 2.369200000000000000e+04 2.253500000000000000e+04
4.116200000000000000e+04 4.041600000000000000e+04 3.971200000000000000e+04 3.817800000000000000e+04 3.750300000000000000e+04 3.669400000000000000e+04 3.592000000000000000e+04 3.517000000000000000e+04 3.437800000000000000e+04 3.341600000000000000e+04 3.219800000000000000e+04 3.152000000000000000e+04 3.054900000000000000e+04 2.942100000000000000e+04 2.850900000000000000e+04 2.772200000000000000e+04 2.643700000000000000e+04 2.530400000000000000e+04 2.437500000000000000e+04 2.317800000000000000e+04
4.179400000000000000e+04 4.105100000000000000e+04 4.036500000000000000e+04 3.876600000000000000e+04 3.814600000000000000e+04 3.729400000000000000e+04 3.650700000000000000e+04 3.573300000000000000e+04 3.494400000000000000e+04 3.393500000000000000e+04 3.270400000000000000e+04 3.203700000000000000e+04 3.105200000000000000e+04 2.988400000000000000e+04 2.898100000000000000e+04 2.818500000000000000e+04 2.686500000000000000e+04 2.571200000000000000e+04 2.474000000000000000e+04 2.350700000000000000e+04
4.251400000000000000e+04 4.177900000000000000e+04 4.108100000000000000e+04 3.942900000000000000e+04 3.875100000000000000e+04 3.794400000000000000e+04 3.707900000000000000e+04 3.634200000000000000e+04 3.550800000000000000e+04 3.443400000000000000e+04 3.323600000000000000e+04 3.259400000000000000e+04 3.152600000000000000e+04 3.035600000000000000e+04 2.947400000000000000e+04 2.860500000000000000e+04 2.726700000000000000e+04 2.612600000000000000e+04 2.513300000000000000e+04 2.386000000000000000e+04
4.251400000000000000e+04 4.177900000000000000e+04 4.108100000000000000e+04 3.942900000000000000e+04 3.875100000000000000e+04 3.794400000000000000e+04 3.707900000000000000e+04 3.634200000000000000e+04 3.550800000000000000e+04 3.443400000000000000e+04 3.323600000000000000e+04 3.259400000000000000e+04 3.152600000000000000e+04 3.035600000000000000e+04 2.947400000000000000e+04 2.860500000000000000e+04 2.726700000000000000e+04 2.612600000000000000e+04 2.513300000000000000e+04 2.386000000000000000e+04
