4.350000000000000000e+02 4.040000000000000000e+02 3.740000000000000000e+02 3.550000000000000000e+02 3.290000000000000000e+02 2.910000000000000000e+02 2.580000000000000000e+02
4.350000000000000000e+02 4.040000000000000000e+02 3.740000000000000000e+02 3.550000000000000000e+02 3.290000000000000000e+02 2.910000000000000000e+02 2.580000000000000000e+02
4.350000000000000000e+02 4.040000000000000000e+02 3.740000000000000000e+02 3.550000000000000000e+02 3.290000000000000000e+02 2.910000000000000000e+02 2.580000000000000000e+02
4.350000000000000000e+02 4.040000000000000000e+02 3.740000000000000000e+02 3.550000000000000000e+02 3.290000000000000000e+02 2.910000000000000000e+02 2.580000000000000000e+02
4.350000000000000000e+02 4.040000000000000000e+02 3.740000000000000000e+02 3.550000000000000000e+02 3.290000000000000000e+02 2.910000000000000000e+02 2.580000000000000000e+02
4.350000000000000000e+02 4.040000000000000000e+02 3.740000000000000000e+02 3.550000000000000000e+02 3.290000000000000000e+02 2.910000000000000000e+02 2.580000000000000000e+02
4.350000000000000000e+02 4.040000000000000000e+02 3.740000000000000000e+02 3.550000000000000000e+02 3.290000000000000000e+02 2.910000000000000000e+02 2.580000000000000000e+02
4.350000000000000000e+02 4.040000000000000000e+02 3.740000000000000000e+02 3.550000000000000000e+02 3.290000000000000000e+02 2.910000000000000000e+02 2.580000000000000000e+02
4.350000000000000000e+02 4.040000000000000000e+02 3.740000000000000000e+02 3.550000000000000000e+02 3.290000000000000000e+02 2.910000000000000000e+02 2.580000000000000000e+02
4.350000000000000000e+02 4.040000000000000000e+02 3.740000000000000000e+02 3.550000000000000000e+02 3.290000000000000000e+02 2.910000000000000000e+02 2.580000000000000000e+02
4.350000000000000000e+02 4.040000000000000000e+02 3.740000000000000000e+02 3.550000000000000000e+02 3.290000000000000000e+02 2.910000000000000000e+02 2.580000000000000000e+02
4.350000000000000000e+02 4.040000000000000000e+02 3.740000000000000000e+02 3.550000000000000000e+02 3.290000000000000000e+02 2.910000000000000000e+02 2.580000000000000000e+02
4.350000000000000000e+02 4.040000000000000000e+02 3.740000000000000000e+02 3.550000000000000000e+02 3.290000000000000000e+02 2.910000000000000000e+02 2.580000000000000000e+02
4.350000000000000000e+02 4.040000000000000000e+02 3.740000000000000000e+02 3.550000000000000000e+02 3.290000000000000000e+02 2.910000000000000000e+02 2.580000000000000000e+02
4.350000000000000000e+02 4.040000000000000000e+02 3.740000000000000000e+02 3.550000000000000000e+02 3.290000000000000000e+02 2.910000000000000000e+02 2.580000000000000000e+02
4.350000000000000000e+02 4.040000000000000000e+02 3.740000000000000000e+02 3.550000000000000000e+02 3.290000000000000000e+02 2.910000000000000000e+02 2.580000000000000000e+02
4.350000000000000000e+02 4.040000000000000000e+02 3.740000000000000000e+02 3.550000000000000000e+02 3.290000000000000000e+02 2.910000000000000000e+02 2.580000000000000000e+02
4.350000000000000000e+02 4.040000000000000000e+02 3.740000000000000000e+02 3.550000000000000000e+02 3.290000000000000000e+02 2.910000000000000000e+02 2.580000000000000000e+02
4.350000000000000000e+02 4.040000000000000000e+02 3.740000000000000000e+02 3.550000000000000000e+02 3.290000000000000000e+02 2.910000000000000000e+02 2.580000000000000000e+02
4.350000000000000000e+02 4.040000000000000000e+02 3.740000000000000000e+02 3.550000000000000000e+02 3.290000000000000000e+02 2.910000000000000000e+02 2.580000000000000000e+02
4.350000000000000000e+02 4.040000000000000000e+02 3.740000000000000000e+02 3.550000000000000000e+02 3.290000000000000000e+02 2.910000000000000000e+02 2.580000000000000000e+02
4.350000000000000000e+02 4.040000000000000000e+02 3.740000000000000000e+02 3.550000000000000000e+02 3.290000000000000000e+02 2.910000000000000000e+02 2.580000000000000000e+02
4.350000000000000000e+02 4.040000000000000000e+02 3.740000000000000000e+02 3.550000000000000000e+02 3.290000000000000000e+02 2.910000000000000000e+02 2.580000000000000000e+02
4.350000000000000000e+02 4.040000000000000000e+02 3.740000000000000000e+02 3.550000000000000000e+02 3.290000000000000000e+02 2.910000000000000000e+02 2.580000000000000000e+02
4.350000000000000000e+02 4.040000000000000000e+02 3.740000000000000000e+02 3.550000000000000000e+02 3.290000000000000000e+02 2.910000000000000000e+02 2.580000000000000000e+02
4.350000000000000000e+02 4.040000000000000000e+02 3.740000000000000000e+02 3.550000000000000000e+02 3.290000000000000000e+02 2.910000000000000000e+02 2.580000000000000000e+02
4.350000000000000000e+02 4.040000000000000000e+02 3.740000000000000000e+02 3.550000000000000000e+02 3.290000000000000000e+02 2.910000000000000000e+02 2.580000000000000000e+02
4.350000000000000000e+02 4.040000000000000000e+02 3.740000000000000000e+02 3.550000000000000000e+02 3.290000000000000000e+02 2.910000000000000000e+02 2.580000000000000000e+02
4.350000000000000000e+02 4.040000000000000000e+02 3.740000000000000000e+02 3.550000000000000000e+02 3.290000000000000000e+02 2.910000000000000000e+02 2.580000000000000000e+02
4.350000000000000000e+02 4.040000000000000000e+02 3.740000000000000000e+02 3.550000000000000000e+02 3.290000000000000000e+02 2.910000000000000000e+02 2.580000000000000000e+02
4.350000000000000000e+02 4.040000000000000000e+02 3.740000000000000000e+02 3.550000000000000000e+02 3.290000000000000000e+02 2.910000000000000000e+02 2.580000000000000000e+02
4.350000000000000000e+02 4.040000000000000000e+02 3.740000000000000000e+02 3.550000000000000000e+02 3.290000000000000000e+02 2.910000000000000000e+02 2.580000000000000000e+02
4.350000000000000000e+02 4.040000000000000000e+02 3.740000000000000000e+02 3.550000000000000000e+02 3.290000000000000000e+02 2.910000000000000000e+02 2.580000000000000000e+02
4.350000000000000000e+02 4.040000000000000000e+02 3.740000000000000000e+02 3.550000000000000000e+02 3.290000000000000000e+02 2.910000000000000000e+02 2.580000000000000000e+02
4.350000000000000000e+02 4.040000000000000000e+02 3.740000000000000000e+02 3.550000000000000000e+02 3.290000000000000000e+02 2.910000000000000000e+02 2.580000000000000000e+02
4.350000000000000000e+02 4.040000000000000000e+02 3.740000000000000000e+02 3.550000000000000000e+02 3.290000000000000000e+02 2.910000000000000000e+02 2.580000000000000000e+02
4.350000000000000000e+02 4.040000000000000000e+02 3.740000000000000000e+02 3.550000000000000000e+02 3.290000000000000000e+02 2.910000000000000000e+02 2.580000000000000000e+02
4.350000000000000000e+02 4.040000000000000000e+02 3.740000000000000000e+02 3.550000000000000000e+02 3.290000000000000000e+02 2.910000000000000000e+02 2.580000000000000000e+02
4.350000000000000000e+02 4.040000000000000000e+02 3.740000000000000000e+02 3.550000000000000000e+02 3.290000000000000000e+02 2.910000000000000000e+02 2.580000000000000000e+02
4.350000000000000000e+02 4.040000000000000000e+02 3.740000000000000000e+02 3.550000000000000000e+02 3.290000000000000000e+02 2.910000000000000000e+02 2.580000000000000000e+02
4.350000000000000000e+02 4.040000000000000000e+02 3.740000000000000000e+02 3.550000000000000000e+02 3.290000000000000000e+02 2.910000000000000000e+02 2.580000000000000000e+02
4.350000000000000000e+02 4.040000000000000000e+02 3.740000000000000000e+02 3.550000000000000000e+02 3.290000000000000000e+02 2.910000000000000000e+02 2.580000000000000000e+02
4.350000000000000000e+02 4.040000000000000000e+02 3.740000000000000000e+02 3.550000000000000000e+02 3.290000000000000000e+02 2.910000000000000000e+02 2.580000000000000000e+02
4.350000000000000000e+02 4.040000000000000000e+02 3.740000000000000000e+02 3.550000000000000000e+02 3.290000000000000000e+02 2.910000000000000000e+02 2.580000000000000000e+02
4.350000000000000000e+02 4.040000000000000000e+02 3.740000000000000000e+02 3.550000000000000000e+02 3.290000000000000000e+02 2.910000000000000000e+02 2.580000000000000000e+02
4.350000000000000000e+02 4.040000000000000000e+02 3.740000000000000000e+02 3.550000000000000000e+02 3.290000000000000000e+02 2.910000000000000000e+02 2.580000000000000000e+02
4.350000000000000000e+02 4.040000000000000000e+02 3.740000000000000000e+02 3.550000000000000000e+02 3.290000000000000000e+02 2.910000000000000000e+02 2.580000000000000000e+02
4.350000000000000000e+02 4.040000000000000000e+02 3.740000000000000000e+02 3.550000000000000000e+02 3.290000000000000000e+02 2.910000000000000000e+02 2.580000000000000000e+02
4.350000000000000000e+02 4.040000000000000000e+02 3.740000000000000000e+02 3.550000000000000000e+02 3.290000000000000000e+02 2.910000000000000000e+02 2.580000000000000000e+02
4.350000000000000000e+02 4.040000000000000000e+02 3.740000000000000000e+02 3.550000000000000000e+02 3.290000000000000000e+02 2.910000000000000000e+02 2.580000000000000000e+02
4.350000000000000000e+02 4.040000000000000000e+02 3.740000000000000000e+02 3.550000000000000000e+02 3.290000000000000000e+02 2.910000000000000000e+02 2.580000000000000000e+02
4.350000000000000000e+02 4.040000000000000000e+02 3.740000000000000000e+02 3.550000000000000000e+02 3.290000000000000000e+02 2.910000000000000000e+02 2.580000000000000000e+02
4.350000000000000000e+02 4.040000000000000000e+02 3.740000000000000000e+02 3.550000000000000000e+02 3.290000000000000000e+02 2.910000000000000000e+02 2.580000000000000000e+02
4.350000000000000000e+02 4.040000000000000000e+02 3.740000000000000000e+02 3.550000000000000000e+02 3.290000000000000000e+02 2.910000000000000000e+02 2.580000000000000000e+02
4.350000000000000000e+02 4.040000000000000000e+02 3.740000000000000000e+02 3.550000000000000000e+02 3.290000000000000000e+02 2.910000000000000000e+02 2.580000000000000000e+02
4.350000000000000000e+02 4.040000000000000000e+02 3.740000000000000000e+02 3.550000000000000000e+02 3.290000000000000000e+02 2.910000000000000000e+02 2.580000000000000000e+02
4.350000000000000000e+02 4.040000000000000000e+02 3.740000000000000000e+02 3.550000000000000000e+02 3.290000000000000000e+02 2.910000000000000000e+02 2.580000000000000000e+02
4.350000000000000000e+02 4.040000000000000000e+02 3.740000000000000000e+02 3.550000000000000000e+02 3.290000000000000000e+02 2.910000000000000000e+02 2.580000000000000000e+02
4.350000000000000000e+02 4.040000000000000000e+02 3.740000000000000000e+02 3.550000000000000000e+02 3.290000000000000000e+02 2.910000000000000000e+02 2.580000000000000000e+02
4.350000000000000000e+02 4.040000000000000000e+02 3.740000000000000000e+02 3.550000000000000000e+02 3.290000000000000000e+02 2.910000000000000000e+02 2.580000000000000000e+02
4.350000000000000000e+02 4.040000000000000000e+02 3.740000000000000000e+02 3.550000000000000000e+02 3.290000000000000000e+02 2.910000000000000000e+02 2.580000000000000000e+02
4.350000000000000000e+02 4.040000000000000000e+02 3.740000000000000000e+02 3.550000000000000000e+02 3.290000000000000000e+02 2.910000000000000000e+02 2.580000000000000000e+02
4.350000000000000000e+02 4.040000000000000000e+02 3.740000000000000000e+02 3.550000000000000000e+02 3.290000000000000000e+02 2.910000000000000000e+02 2.580000000000000000e+02
4.350000000000000000e+02 4.040000000000000000e+02 3.740000000000000000e+02 3.550000000000000000e+02 3.290000000000000000e+02 2.910000000000000000e+02 2.580000000000000000e+02
4.350000000000000000e+02 4.040000000000000000e+02 3.740000000000000000e+02 3.550000000000000000e+02 3.290000000000000000e+02 2.910000000000000000e+02 2.580000000000000000e+02
4.350000000000000000e+02 4.040000000000000000e+02 3.740000000000000000e+02 3.550000000000000000e+02 3.290000000000000000e+02 2.910000000000000000e+02 2.580000000000000000e+02
4.350000000000000000e+02 4.040000000000000000e+02 3.740000000000000000e+02 3.550000000000000000e+02 3.290000000000000000e+02 2.910000000000000000e+02 2.580000000000000000e+02
4.350000000000000000e+02 4.040000000000000000e+02 3.740000000000000000e+02 3.550000000000000000e+02 3.290000000000000000e+02 2.910000000000000000e+02 2.580000000000000000e+02
4.350000000000000000e+02 4.040000000000000000e+02 3.740000000000000000e+02 3.550000000000000000e+02 3.290000000000000000e+02 2.910000000000000000e+02 2.580000000000000000e+02
4.350000000000000000e+02 4.040000000000000000e+02 3.740000000000000000e+02 3.550000000000000000e+02 3.290000000000000000e+02 2.910000000000000000e+02 2.580000000000000000e+02
4.350000000000000000e+02 4.040000000000000000e+02 3.740000000000000000e+02 3.550000000000000000e+02 3.290000000000000000e+02 2.910000000000000000e+02 2.580000000000000000e+02
4.350000000000000000e+02 4.040000000000000000e+02 3.740000000000000000e+02 3.550000000000000000e+02 3.290000000000000000e+02 2.910000000000000000e+02 2.580000000000000000e+02
4.350000000000000000e+02 4.040000000000000000e+02 3.740000000000000000e+02 3.550000000000000000e+02 3.290000000000000000e+02 2.910000000000000000e+02 2.580000000000000000e+02
4.350000000000000000e+02 4.040000000000000000e+02 3.740000000000000000e+02 3.550000000000000000e+02 3.290000000000000000e+02 2.910000000000000000e+02 2.580000000000000000e+02
4.350000000000000000e+02 4.040000000000000000e+02 3.740000000000000000e+02 3.550000000000000000e+02 3.290000000000000000e+02 2.910000000000000000e+02 2.580000000000000000e+02
4.350000000000000000e+02 4.040000000000000000e+02 3.740000000000000000e+02 3.550000000000000000e+02 3.290000000000000000e+02 2.910000000000000000e+02 2.580000000000000000e+02
4.350000000000000000e+02 4.040000000000000000e+02 3.740000000000000000e+02 3.550000000000000000e+02 3.290000000000000000e+02 2.910000000000000000e+02 2.580000000000000000e+02
4.350000000000000000e+02 4.040000000000000000e+02 3.740000000000000000e+02 3.550000000000000000e+02 3.290000000000000000e+02 2.910000000000000000e+02 2.580000000000000000e+02
4.350000000000000000e+02 4.040000000000000000e+02 3.740000000000000000e+02 3.550000000000000000e+02 3.290000000000000000e+02 2.910000000000000000e+02 2.580000000000000000e+02
4.350000000000000000e+02 4.040000000000000000e+02 3.740000000000000000e+02 3.550000000000000000e+02 3.290000000000000000e+02 2.910000000000000000e+02 2.580000000000000000e+02
4.350000000000000000e+02 4.040000000000000000e+02 3.740000000000000000e+02 3.550000000000000000e+02 3.290000000000000000e+02 2.910000000000000000e+02 2.580000000000000000e+02
4.350000000000000000e+02 4.040000000000000000e+02 3.740000000000000000e+02 3.550000000000000000e+02 3.290000000000000000e+02 2.910000000000000000e+02 2.580000000000000000e+02
4.350000000000000000e+02 4.040000000000000000e+02 3.740000000000000000e+02 3.550000000000000000e+02 3.290000000000000000e+02 2.910000000000000000e+02 2.580000000000000000e+02
4.350000000000000000e+02 4.040000000000000000e+02 3.740000000000000000e+02 3.550000000000000000e+02 3.290000000000000000e+02 2.910000000000000000e+02 2.580000000000000000e+02
4.350000000000000000e+02 4.040000000000000000e+02 3.740000000000000000e+02 3.550000000000000000e+02 3.290000000000000000e+02 2.910000000000000000e+02 2.580000000000000000e+02
4.350000000000000000e+02 4.040000000000000000e+02 3.740000000000000000e+02 3.550000000000000000e+02 3.290000000000000000e+02 2.910000000000000000e+02 2.580000000000000000e+02
4.350000000000000000e+02 4.040000000000000000e+02 3.740000000000000000e+02 3.550000000000000000e+02 3.290000000000000000e+02 2.910000000000000000e+02 2.580000000000000000e+02
4.350000000000000000e+02 4.040000000000000000e+02 3.740000000000000000e+02 3.550000000000000000e+02 3.290000000000000000e+02 2.910000000000000000e+02 2.580000000000000000e+02
4.350000000000000000e+02 4.040000000000000000e+02 3.740000000000000000e+02 3.550000000000000000e+02 3.290000000000000000e+02 2.910000000000000000e+02 2.580000000000000000e+02
4.350000000000000000e+02 4.040000000000000000e+02 3.740000000000000000e+02 3.550000000000000000e+02 3.290000000000000000e+02 2.910000000000000000e+02 2.580000000000000000e+02
4.350000000000000000e+02 4.040000000000000000e+02 3.740000000000000000e+02 3.550000000000000000e+02 3.290000000000000000e+02 2.910000000000000000e+02 2.580000000000000000e+02
4.350000000000000000e+02 4.040000000000000000e+02 3.740000000000000000e+02 3.550000000000000000e+02 3.290000000000000000e+02 2.910000000000000000e+02 2.580000000000000000e+02
4.350000000000000000e+02 4.040000000000000000e+02 3.740000000000000000e+02 3.550000000000000000e+02 3.290000000000000000e+02 2.910000000000000000e+02 2.580000000000000000e+02
4.350000000000000000e+02 4.040000000000000000e+02 3.740000000000000000e+02 3.550000000000000000e+02 3.290000000000000000e+02 2.910000000000000000e+02 2.580000000000000000e+02
4.350000000000000000e+02 4.040000000000000000e+02 3.740000000000000000e+02 3.550000000000000000e+02 3.290000000000000000e+02 2.910000000000000000e+02 2.580000000000000000e+02
4.350000000000000000e+02 4.040000000000000000e+02 3.740000000000000000e+02 3.550000000000000000e+02 3.290000000000000000e+02 2.910000000000000000e+02 2.580000000000000000e+02
4.350000000000000000e+02 4.040000000000000000e+02 3.740000000000000000e+02 3.550000000000000000e+02 3.290000000000000000e+02 2.910000000000000000e+02 2.580000000000000000e+02
4.350000000000000000e+02 4.040000000000000000e+02 3.740000000000000000e+02 3.550000000000000000e+02 3.290000000000000000e+02 2.910000000000000000e+02 2.580000000000000000e+02
4.350000000000000000e+02 4.040000000000000000e+02 3.740000000000000000e+02 3.550000000000000000e+02 3.290000000000000000e+02 2.910000000000000000e+02 2.580000000000000000e+02
