5.950000000000000000e+02 5.590000000000000000e+02 5.200000000000000000e+02 4.830000000000000000e+02 4.600000000000000000e+02 4.250000000000000000e+02 3.930000000000000000e+02
5.950000000000000000e+02 5.590000000000000000e+02 5.200000000000000000e+02 4.830000000000000000e+02 4.600000000000000000e+02 4.250000000000000000e+02 3.930000000000000000e+02
5.950000000000000000e+02 5.590000000000000000e+02 5.200000000000000000e+02 4.830000000000000000e+02 4.600000000000000000e+02 4.250000000000000000e+02 3.930000000000000000e+02
5.950000000000000000e+02 5.590000000000000000e+02 5.200000000000000000e+02 4.830000000000000000e+02 4.600000000000000000e+02 4.250000000000000000e+02 3.930000000000000000e+02
5.950000000000000000e+02 5.590000000000000000e+02 5.200000000000000000e+02 4.830000000000000000e+02 4.600000000000000000e+02 4.250000000000000000e+02 3.930000000000000000e+02
5.950000000000000000e+02 5.590000000000000000e+02 5.200000000000000000e+02 4.830000000000000000e+02 4.600000000000000000e+02 4.250000000000000000e+02 3.930000000000000000e+02
5.950000000000000000e+02 5.590000000000000000e+02 5.200000000000000000e+02 4.830000000000000000e+02 4.600000000000000000e+02 4.250000000000000000e+02 3.930000000000000000e+02
5.950000000000000000e+02 5.590000000000000000e+02 5.200000000000000000e+02 4.830000000000000000e+02 4.600000000000000000e+02 4.250000000000000000e+02 3.930000000000000000e+02
5.950000000000000000e+02 5.590000000000000000e+02 5.200000000000000000e+02 4.830000000000000000e+02 4.600000000000000000e+02 4.250000000000000000e+02 3.930000000000000000e+02
5.950000000000000000e+02 5.590000000000000000e+02 5.200000000000000000e+02 4.830000000000000000e+02 4.600000000000000000e+02 4.250000000000000000e+02 3.930000000000000000e+02
5.950000000000000000e+02 5.590000000000000000e+02 5.200000000000000000e+02 4.830000000000000000e+02 4.600000000000000000e+02 4.250000000000000000e+02 3.930000000000000000e+02
5.950000000000000000e+02 5.590000000000000000e+02 5.200000000000000000e+02 4.830000000000000000e+02 4.600000000000000000e+02 4.250000000000000000e+02 3.930000000000000000e+02
5.950000000000000000e+02 5.590000000000000000e+02 5.200000000000000000e+02 4.830000000000000000e+02 4.600000000000000000e+02 4.250000000000000000e+02 3.930000000000000000e+02
5.950000000000000000e+02 5.590000000000000000e+02 5.200000000000000000e+02 4.830000000000000000e+02 4.600000000000000000e+02 4.250000000000000000e+02 3.930000000000000000e+02
5.950000000000000000e+02 5.590000000000000000e+02 5.200000000000000000e+02 4.830000000000000000e+02 4.600000000000000000e+02 4.250000000000000000e+02 3.930000000000000000e+02
5.950000000000000000e+02 5.590000000000000000e+02 5.200000000000000000e+02 4.830000000000000000e+02 4.600000000000000000e+02 4.250000000000000000e+02 3.930000000000000000e+02
5.950000000000000000e+02 5.590000000000000000e+02 5.200000000000000000e+02 4.830000000000000000e+02 4.600000000000000000e+02 4.250000000000000000e+02 3.930000000000000000e+02
5.950000000000000000e+02 5.590000000000000000e+02 5.200000000000000000e+02 4.830000000000000000e+02 4.600000000000000000e+02 4.250000000000000000e+02 3.930000000000000000e+02
5.950000000000000000e+02 5.590000000000000000e+02 5.200000000000000000e+02 4.830000000000000000e+02 4.600000000000000000e+02 4.250000000000000000e+02 3.930000000000000000e+02
5.950000000000000000e+02 5.590000000000000000e+02 5.200000000000000000e+02 4.830000000000000000e+02 4.600000000000000000e+02 4.250000000000000000e+02 3.930000000000000000e+02
5.950000000000000000e+02 5.590000000000000000e+02 5.200000000000000000e+02 4.830000000000000000e+02 4.600000000000000000e+02 4.250000000000000000e+02 3.930000000000000000e+02
5.950000000000000000e+02 5.590000000000000000e+02 5.200000000000000000e+02 4.830000000000000000e+02 4.600000000000000000e+02 4.250000000000000000e+02 3.930000000000000000e+02
5.950000000000000000e+02 5.590000000000000000e+02 5.200000000000000000e+02 4.830000000000000000e+02 4.600000000000000000e+02 4.250000000000000000e+02 3.930000000000000000e+02
5.950000000000000000e+02 5.590000000000000000e+02 5.200000000000000000e+02 4.830000000000000000e+02 4.600000000000000000e+02 4.250000000000000000e+02 3.930000000000000000e+02
5.950000000000000000e+02 5.590000000000000000e+02 5.200000000000000000e+02 4.830000000000000000e+02 4.600000000000000000e+02 4.250000000000000000e+02 3.930000000000000000e+02
5.950000000000000000e+02 5.590000000000000000e+02 5.200000000000000000e+02 4.830000000000000000e+02 4.600000000000000000e+02 4.250000000000000000e+02 3.930000000000000000e+02
5.950000000000000000e+02 5.590000000000000000e+02 5.200000000000000000e+02 4.830000000000000000e+02 4.600000000000000000e+02 4.250000000000000000e+02 3.930000000000000000e+02
5.950000000000000000e+02 5.590000000000000000e+02 5.200000000000000000e+02 4.830000000000000000e+02 4.600000000000000000e+02 4.250000000000000000e+02 3.930000000000000000e+02
5.950000000000000000e+02 5.590000000000000000e+02 5.200000000000000000e+02 4.830000000000000000e+02 4.600000000000000000e+02 4.250000000000000000e+02 3.930000000000000000e+02
5.950000000000000000e+02 5.590000000000000000e+02 5.200000000000000000e+02 4.830000000000000000e+02 4.600000000000000000e+02 4.250000000000000000e+02 3.930000000000000000e+02
5.950000000000000000e+02 5.590000000000000000e+02 5.200000000000000000e+02 4.830000000000000000e+02 4.600000000000000000e+02 4.250000000000000000e+02 3.930000000000000000e+02
5.950000000000000000e+02 5.590000000000000000e+02 5.200000000000000000e+02 4.830000000000000000e+02 4.600000000000000000e+02 4.250000000000000000e+02 3.930000000000000000e+02
5.950000000000000000e+02 5.590000000000000000e+02 5.200000000000000000e+02 4.830000000000000000e+02 4.600000000000000000e+02 4.250000000000000000e+02 3.930000000000000000e+02
5.950000000000000000e+02 5.590000000000000000e+02 5.200000000000000000e+02 4.830000000000000000e+02 4.600000000000000000e+02 4.250000000000000000e+02 3.930000000000000000e+02
5.950000000000000000e+02 5.590000000000000000e+02 5.200000000000000000e+02 4.830000000000000000e+02 4.600000000000000000e+02 4.250000000000000000e+02 3.930000000000000000e+02
5.950000000000000000e+02 5.590000000000000000e+02 5.200000000000000000e+02 4.830000000000000000e+02 4.600000000000000000e+02 4.250000000000000000e+02 3.930000000000000000e+02
5.950000000000000000e+02 5.590000000000000000e+02 5.200000000000000000e+02 4.830000000000000000e+02 4.600000000000000000e+02 4.250000000000000000e+02 3.930000000000000000e+02
5.950000000000000000e+02 5.590000000000000000e+02 5.200000000000000000e+02 4.830000000000000000e+02 4.600000000000000000e+02 4.250000000000000000e+02 3.930000000000000000e+02
5.950000000000000000e+02 5.590000000000000000e+02 5.200000000000000000e+02 4.830000000000000000e+02 4.600000000000000000e+02 4.250000000000000000e+02 3.930000000000000000e+02
5.950000000000000000e+02 5.590000000000000000e+02 5.200000000000000000e+02 4.830000000000000000e+02 4.600000000000000000e+02 4.250000000000000000e+02 3.930000000000000000e+02
5.950000000000000000e+02 5.590000000000000000e+02 5.200000000000000000e+02 4.830000000000000000e+02 4.600000000000000000e+02 4.250000000000000000e+02 3.930000000000000000e+02
5.950000000000000000e+02 5.590000000000000000e+02 5.200000000000000000e+02 4.830000000000000000e+02 4.600000000000000000e+02 4.250000000000000000e+02 3.930000000000000000e+02
5.950000000000000000e+02 5.590000000000000000e+02 5.200000000000000000e+02 4.830000000000000000e+02 4.600000000000000000e+02 4.250000000000000000e+02 3.930000000000000000e+02
5.950000000000000000e+02 5.590000000000000000e+02 5.200000000000000000e+02 4.830000000000000000e+02 4.600000000000000000e+02 4.250000000000000000e+02 3.930000000000000000e+02
5.950000000000000000e+02 5.590000000000000000e+02 5.200000000000000000e+02 4.830000000000000000e+02 4.600000000000000000e+02 4.250000000000000000e+02 3.930000000000000000e+02
5.950000000000000000e+02 5.590000000000000000e+02 5.200000000000000000e+02 4.830000000000000000e+02 4.600000000000000000e+02 4.250000000000000000e+02 3.930000000000000000e+02
5.950000000000000000e+02 5.590000000000000000e+02 5.200000000000000000e+02 4.830000000000000000e+02 4.600000000000000000e+02 4.250000000000000000e+02 3.930000000000000000e+02
5.950000000000000000e+02 5.590000000000000000e+02 5.200000000000000000e+02 4.830000000000000000e+02 4.600000000000000000e+02 4.250000000000000000e+02 3.930000000000000000e+02
5.950000000000000000e+02 5.590000000000000000e+02 5.200000000000000000e+02 4.830000000000000000e+02 4.600000000000000000e+02 4.250000000000000000e+02 3.930000000000000000e+02
5.950000000000000000e+02 5.590000000000000000e+02 5.200000000000000000e+02 4.830000000000000000e+02 4.600000000000000000e+02 4.250000000000000000e+02 3.930000000000000000e+02
5.950000000000000000e+02 5.590000000000000000e+02 5.200000000000000000e+02 4.830000000000000000e+02 4.600000000000000000e+02 4.250000000000000000e+02 3.930000000000000000e+02
5.950000000000000000e+02 5.590000000000000000e+02 5.200000000000000000e+02 4.830000000000000000e+02 4.600000000000000000e+02 4.250000000000000000e+02 3.930000000000000000e+02
5.950000000000000000e+02 5.590000000000000000e+02 5.200000000000000000e+02 4.830000000000000000e+02 4.600000000000000000e+02 4.250000000000000000e+02 3.930000000000000000e+02
5.950000000000000000e+02 5.590000000000000000e+02 5.200000000000000000e+02 4.830000000000000000e+02 4.600000000000000000e+02 4.250000000000000000e+02 3.930000000000000000e+02
5.950000000000000000e+02 5.590000000000000000e+02 5.200000000000000000e+02 4.830000000000000000e+02 4.600000000000000000e+02 4.250000000000000000e+02 3.930000000000000000e+02
5.950000000000000000e+02 5.590000000000000000e+02 5.200000000000000000e+02 4.830000000000000000e+02 4.600000000000000000e+02 4.250000000000000000e+02 3.930000000000000000e+02
5.950000000000000000e+02 5.590000000000000000e+02 5.200000000000000000e+02 4.830000000000000000e+02 4.600000000000000000e+02 4.250000000000000000e+02 3.930000000000000000e+02
5.950000000000000000e+02 5.590000000000000000e+02 5.200000000000000000e+02 4.830000000000000000e+02 4.600000000000000000e+02 4.250000000000000000e+02 3.930000000000000000e+02
5.950000000000000000e+02 5.590000000000000000e+02 5.200000000000000000e+02 4.830000000000000000e+02 4.600000000000000000e+02 4.250000000000000000e+02 3.930000000000000000e+02
5.950000000000000000e+02 5.590000000000000000e+02 5.200000000000000000e+02 4.830000000000000000e+02 4.600000000000000000e+02 4.250000000000000000e+02 3.930000000000000000e+02
5.950000000000000000e+02 5.590000000000000000e+02 5.200000000000000000e+02 4.830000000000000000e+02 4.600000000000000000e+02 4.250000000000000000e+02 3.930000000000000000e+02
5.950000000000000000e+02 5.590000000000000000e+02 5.200000000000000000e+02 4.830000000000000000e+02 4.600000000000000000e+02 4.250000000000000000e+02 3.930000000000000000e+02
5.950000000000000000e+02 5.590000000000000000e+02 5.200000000000000000e+02 4.830000000000000000e+02 4.600000000000000000e+02 4.250000000000000000e+02 3.930000000000000000e+02
5.950000000000000000e+02 5.590000000000000000e+02 5.200000000000000000e+02 4.830000000000000000e+02 4.600000000000000000e+02 4.250000000000000000e+02 3.930000000000000000e+02
5.950000000000000000e+02 5.590000000000000000e+02 5.200000000000000000e+02 4.830000000000000000e+02 4.600000000000000000e+02 4.250000000000000000e+02 3.930000000000000000e+02
5.950000000000000000e+02 5.590000000000000000e+02 5.200000000000000000e+02 4.830000000000000000e+02 4.600000000000000000e+02 4.250000000000000000e+02 3.930000000000000000e+02
5.950000000000000000e+02 5.590000000000000000e+02 5.200000000000000000e+02 4.830000000000000000e+02 4.600000000000000000e+02 4.250000000000000000e+02 3.930000000000000000e+02
5.950000000000000000e+02 5.590000000000000000e+02 5.200000000000000000e+02 4.830000000000000000e+02 4.600000000000000000e+02 4.250000000000000000e+02 3.930000000000000000e+02
5.950000000000000000e+02 5.590000000000000000e+02 5.200000000000000000e+02 4.830000000000000000e+02 4.600000000000000000e+02 4.250000000000000000e+02 3.930000000000000000e+02
5.950000000000000000e+02 5.590000000000000000e+02 5.200000000000000000e+02 4.830000000000000000e+02 4.600000000000000000e+02 4.250000000000000000e+02 3.930000000000000000e+02
5.950000000000000000e+02 5.590000000000000000e+02 5.200000000000000000e+02 4.830000000000000000e+02 4.600000000000000000e+02 4.250000000000000000e+02 3.930000000000000000e+02
5.950000000000000000e+02 5.590000000000000000e+02 5.200000000000000000e+02 4.830000000000000000e+02 4.600000000000000000e+02 4.250000000000000000e+02 3.930000000000000000e+02
5.950000000000000000e+02 5.590000000000000000e+02 5.200000000000000000e+02 4.830000000000000000e+02 4.600000000000000000e+02 4.250000000000000000e+02 3.930000000000000000e+02
5.950000000000000000e+02 5.590000000000000000e+02 5.200000000000000000e+02 4.830000000000000000e+02 4.600000000000000000e+02 4.250000000000000000e+02 3.930000000000000000e+02
5.950000000000000000e+02 5.590000000000000000e+02 5.200000000000000000e+02 4.830000000000000000e+02 4.600000000000000000e+02 4.250000000000000000e+02 3.930000000000000000e+02
5.950000000000000000e+02 5.590000000000000000e+02 5.200000000000000000e+02 4.830000000000000000e+02 4.600000000000000000e+02 4.250000000000000000e+02 3.930000000000000000e+02
5.950000000000000000e+02 5.590000000000000000e+02 5.200000000000000000e+02 4.830000000000000000e+02 4.600000000000000000e+02 4.250000000000000000e+02 3.930000000000000000e+02
5.950000000000000000e+02 5.590000000000000000e+02 5.200000000000000000e+02 4.830000000000000000e+02 4.600000000000000000e+02 4.250000000000000000e+02 3.930000000000000000e+02
5.950000000000000000e+02 5.590000000000000000e+02 5.200000000000000000e+02 4.830000000000000000e+02 4.600000000000000000e+02 4.250000000000000000e+02 3.930000000000000000e+02
5.950000000000000000e+02 5.590000000000000000e+02 5.200000000000000000e+02 4.830000000000000000e+02 4.600000000000000000e+02 4.250000000000000000e+02 3.930000000000000000e+02
5.950000000000000000e+02 5.590000000000000000e+02 5.200000000000000000e+02 4.830000000000000000e+02 4.600000000000000000e+02 4.250000000000000000e+02 3.930000000000000000e+02
5.950000000000000000e+02 5.590000000000000000e+02 5.200000000000000000e+02 4.830000000000000000e+02 4.600000000000000000e+02 4.250000000000000000e+02 3.930000000000000000e+02
5.950000000000000000e+02 5.590000000000000000e+02 5.200000000000000000e+02 4.830000000000000000e+02 4.600000000000000000e+02 4.250000000000000000e+02 3.930000000000000000e+02
5.950000000000000000e+02 5.590000000000000000e+02 5.200000000000000000e+02 4.830000000000000000e+02 4.600000000000000000e+02 4.250000000000000000e+02 3.930000000000000000e+02
5.950000000000000000e+02 5.590000000000000000e+02 5.200000000000000000e+02 4.830000000000000000e+02 4.600000000000000000e+02 4.250000000000000000e+02 3.930000000000000000e+02
5.950000000000000000e+02 5.590000000000000000e+02 5.200000000000000000e+02 4.830000000000000000e+02 4.600000000000000000e+02 4.250000000000000000e+02 3.930000000000000000e+02
5.950000000000000000e+02 5.590000000000000000e+02 5.200000000000000000e+02 4.830000000000000000e+02 4.600000000000000000e+02 4.250000000000000000e+02 3.930000000000000000e+02
5.950000000000000000e+02 5.590000000000000000e+02 5.200000000000000000e+02 4.830000000000000000e+02 4.600000000000000000e+02 4.250000000000000000e+02 3.930000000000000000e+02
5.950000000000000000e+02 5.590000000000000000e+02 5.200000000000000000e+02 4.830000000000000000e+02 4.600000000000000000e+02 4.250000000000000000e+02 3.930000000000000000e+02
5.950000000000000000e+02 5.590000000000000000e+02 5.200000000000000000e+02 4.830000000000000000e+02 4.600000000000000000e+02 4.250000000000000000e+02 3.930000000000000000e+02
5.950000000000000000e+02 5.590000000000000000e+02 5.200000000000000000e+02 4.830000000000000000e+02 4.600000000000000000e+02 4.250000000000000000e+02 3.930000000000000000e+02
5.950000000000000000e+02 5.590000000000000000e+02 5.200000000000000000e+02 4.830000000000000000e+02 4.600000000000000000e+02 4.250000000000000000e+02 3.930000000000000000e+02
5.950000000000000000e+02 5.590000000000000000e+02 5.200000000000000000e+02 4.830000000000000000e+02 4.600000000000000000e+02 4.250000000000000000e+02 3.930000000000000000e+02
5.950000000000000000e+02 5.590000000000000000e+02 5.200000000000000000e+02 4.830000000000000000e+02 4.600000000000000000e+02 4.250000000000000000e+02 3.930000000000000000e+02
5.950000000000000000e+02 5.590000000000000000e+02 5.200000000000000000e+02 4.830000000000000000e+02 4.600000000000000000e+02 4.250000000000000000e+02 3.930000000000000000e+02
5.950000000000000000e+02 5.590000000000000000e+02 5.200000000000000000e+02 4.830000000000000000e+02 4.600000000000000000e+02 4.250000000000000000e+02 3.930000000000000000e+02
5.950000000000000000e+02 5.590000000000000000e+02 5.200000000000000000e+02 4.830000000000000000e+02 4.600000000000000000e+02 4.250000000000000000e+02 3.930000000000000000e+02
5.950000000000000000e+02 5.590000000000000000e+02 5.200000000000000000e+02 4.830000000000000000e+02 4.600000000000000000e+02 4.250000000000000000e+02 3.930000000000000000e+02
5.950000000000000000e+02 5.590000000000000000e+02 5.200000000000000000e+02 4.830000000000000000e+02 4.600000000000000000e+02 4.250000000000000000e+02 3.930000000000000000e+02
