3.760000000000000000e+02 3.570000000000000000e+02 3.350000000000000000e+02 3.160000000000000000e+02 3.030000000000000000e+02 2.790000000000000000e+02 2.510000000000000000e+02
3.760000000000000000e+02 3.570000000000000000e+02 3.350000000000000000e+02 3.160000000000000000e+02 3.030000000000000000e+02 2.790000000000000000e+02 2.510000000000000000e+02
3.760000000000000000e+02 3.570000000000000000e+02 3.350000000000000000e+02 3.160000000000000000e+02 3.030000000000000000e+02 2.790000000000000000e+02 2.510000000000000000e+02
3.760000000000000000e+02 3.570000000000000000e+02 3.350000000000000000e+02 3.160000000000000000e+02 3.030000000000000000e+02 2.790000000000000000e+02 2.510000000000000000e+02
3.760000000000000000e+02 3.570000000000000000e+02 3.350000000000000000e+02 3.160000000000000000e+02 3.030000000000000000e+02 2.790000000000000000e+02 2.510000000000000000e+02
3.760000000000000000e+02 3.570000000000000000e+02 3.350000000000000000e+02 3.160000000000000000e+02 3.030000000000000000e+02 2.790000000000000000e+02 2.510000000000000000e+02
3.760000000000000000e+02 3.570000000000000000e+02 3.350000000000000000e+02 3.160000000000000000e+02 3.030000000000000000e+02 2.790000000000000000e+02 2.510000000000000000e+02
3.760000000000000000e+02 3.570000000000000000e+02 3.350000000000000000e+02 3.160000000000000000e+02 3.030000000000000000e+02 2.790000000000000000e+02 2.510000000000000000e+02
3.760000000000000000e+02 3.570000000000000000e+02 3.350000000000000000e+02 3.160000000000000000e+02 3.030000000000000000e+02 2.790000000000000000e+02 2.510000000000000000e+02
3.760000000000000000e+02 3.570000000000000000e+02 3.350000000000000000e+02 3.160000000000000000e+02 3.030000000000000000e+02 2.790000000000000000e+02 2.510000000000000000e+02
3.760000000000000000e+02 3.570000000000000000e+02 3.350000000000000000e+02 3.160000000000000000e+02 3.030000000000000000e+02 2.790000000000000000e+02 2.510000000000000000e+02
3.760000000000000000e+02 3.570000000000000000e+02 3.350000000000000000e+02 3.160000000000000000e+02 3.030000000000000000e+02 2.790000000000000000e+02 2.510000000000000000e+02
3.760000000000000000e+02 3.570000000000000000e+02 3.350000000000000000e+02 3.160000000000000000e+02 3.030000000000000000e+02 2.790000000000000000e+02 2.510000000000000000e+02
3.760000000000000000e+02 3.570000000000000000e+02 3.350000000000000000e+02 3.160000000000000000e+02 3.030000000000000000e+02 2.790000000000000000e+02 2.510000000000000000e+02
3.760000000000000000e+02 3.570000000000000000e+02 3.350000000000000000e+02 3.160000000000000000e+02 3.030000000000000000e+02 2.790000000000000000e+02 2.510000000000000000e+02
3.760000000000000000e+02 3.570000000000000000e+02 3.350000000000000000e+02 3.160000000000000000e+02 3.030000000000000000e+02 2.790000000000000000e+02 2.510000000000000000e+02
3.760000000000000000e+02 3.570000000000000000e+02 3.350000000000000000e+02 3.160000000000000000e+02 3.030000000000000000e+02 2.790000000000000000e+02 2.510000000000000000e+02
3.760000000000000000e+02 3.570000000000000000e+02 3.350000000000000000e+02 3.160000000000000000e+02 3.030000000000000000e+02 2.790000000000000000e+02 2.510000000000000000e+02
3.760000000000000000e+02 3.570000000000000000e+02 3.350000000000000000e+02 3.160000000000000000e+02 3.030000000000000000e+02 2.790000000000000000e+02 2.510000000000000000e+02
3.760000000000000000e+02 3.570000000000000000e+02 3.350000000000000000e+02 3.160000000000000000e+02 3.030000000000000000e+02 2.790000000000000000e+02 2.510000000000000000e+02
3.760000000000000000e+02 3.570000000000000000e+02 3.350000000000000000e+02 3.160000000000000000e+02 3.030000000000000000e+02 2.790000000000000000e+02 2.510000000000000000e+02
3.760000000000000000e+02 3.570000000000000000e+02 3.350000000000000000e+02 3.160000000000000000e+02 3.030000000000000000e+02 2.790000000000000000e+02 2.510000000000000000e+02
3.760000000000000000e+02 3.570000000000000000e+02 3.350000000000000000e+02 3.160000000000000000e+02 3.030000000000000000e+02 2.790000000000000000e+02 2.510000000000000000e+02
3.760000000000000000e+02 3.570000000000000000e+02 3.350000000000000000e+02 3.160000000000000000e+02 3.030000000000000000e+02 2.790000000000000000e+02 2.510000000000000000e+02
3.760000000000000000e+02 3.570000000000000000e+02 3.350000000000000000e+02 3.160000000000000000e+02 3.030000000000000000e+02 2.790000000000000000e+02 2.510000000000000000e+02
3.760000000000000000e+02 3.570000000000000000e+02 3.350000000000000000e+02 3.160000000000000000e+02 3.030000000000000000e+02 2.790000000000000000e+02 2.510000000000000000e+02
3.760000000000000000e+02 3.570000000000000000e+02 3.350000000000000000e+02 3.160000000000000000e+02 3.030000000000000000e+02 2.790000000000000000e+02 2.510000000000000000e+02
3.760000000000000000e+02 3.570000000000000000e+02 3.350000000000000000e+02 3.160000000000000000e+02 3.030000000000000000e+02 2.790000000000000000e+02 2.510000000000000000e+02
3.760000000000000000e+02 3.570000000000000000e+02 3.350000000000000000e+02 3.160000000000000000e+02 3.030000000000000000e+02 2.790000000000000000e+02 2.510000000000000000e+02
3.760000000000000000e+02 3.570000000000000000e+02 3.350000000000000000e+02 3.160000000000000000e+02 3.030000000000000000e+02 2.790000000000000000e+02 2.510000000000000000e+02
3.760000000000000000e+02 3.570000000000000000e+02 3.350000000000000000e+02 3.160000000000000000e+02 3.030000000000000000e+02 2.790000000000000000e+02 2.510000000000000000e+02
3.760000000000000000e+02 3.570000000000000000e+02 3.350000000000000000e+02 3.160000000000000000e+02 3.030000000000000000e+02 2.790000000000000000e+02 2.510000000000000000e+02
3.760000000000000000e+02 3.570000000000000000e+02 3.350000000000000000e+02 3.160000000000000000e+02 3.030000000000000000e+02 2.790000000000000000e+02 2.510000000000000000e+02
3.760000000000000000e+02 3.570000000000000000e+02 3.350000000000000000e+02 3.160000000000000000e+02 3.030000000000000000e+02 2.790000000000000000e+02 2.510000000000000000e+02
3.760000000000000000e+02 3.570000000000000000e+02 3.350000000000000000e+02 3.160000000000000000e+02 3.030000000000000000e+02 2.790000000000000000e+02 2.510000000000000000e+02
3.760000000000000000e+02 3.570000000000000000e+02 3.350000000000000000e+02 3.160000000000000000e+02 3.030000000000000000e+02 2.790000000000000000e+02 2.510000000000000000e+02
3.760000000000000000e+02 3.570000000000000000e+02 3.350000000000000000e+02 3.160000000000000000e+02 3.030000000000000000e+02 2.790000000000000000e+02 2.510000000000000000e+02
3.760000000000000000e+02 3.570000000000000000e+02 3.350000000000000000e+02 3.160000000000000000e+02 3.030000000000000000e+02 2.790000000000000000e+02 2.510000000000000000e+02
3.760000000000000000e+02 3.570000000000000000e+02 3.350000000000000000e+02 3.160000000000000000e+02 3.030000000000000000e+02 2.790000000000000000e+02 2.510000000000000000e+02
3.760000000000000000e+02 3.570000000000000000e+02 3.350000000000000000e+02 3.160000000000000000e+02 3.030000000000000000e+02 2.790000000000000000e+02 2.510000000000000000e+02
3.760000000000000000e+02 3.570000000000000000e+02 3.350000000000000000e+02 3.160000000000000000e+02 3.030000000000000000e+02 2.790000000000000000e+02 2.510000000000000000e+02
3.760000000000000000e+02 3.570000000000000000e+02 3.350000000000000000e+02 3.160000000000000000e+02 3.030000000000000000e+02 2.790000000000000000e+02 2.510000000000000000e+02
3.760000000000000000e+02 3.570000000000000000e+02 3.350000000000000000e+02 3.160000000000000000e+02 3.030000000000000000e+02 2.790000000000000000e+02 2.510000000000000000e+02
3.760000000000000000e+02 3.570000000000000000e+02 3.350000000000000000e+02 3.160000000000000000e+02 3.030000000000000000e+02 2.790000000000000000e+02 2.510000000000000000e+02
3.760000000000000000e+02 3.570000000000000000e+02 3.350000000000000000e+02 3.160000000000000000e+02 3.030000000000000000e+02 2.790000000000000000e+02 2.510000000000000000e+02
3.760000000000000000e+02 3.570000000000000000e+02 3.350000000000000000e+02 3.160000000000000000e+02 3.030000000000000000e+02 2.790000000000000000e+02 2.510000000000000000e+02
3.760000000000000000e+02 3.570000000000000000e+02 3.350000000000000000e+02 3.160000000000000000e+02 3.030000000000000000e+02 2.790000000000000000e+02 2.510000000000000000e+02
3.760000000000000000e+02 3.570000000000000000e+02 3.350000000000000000e+02 3.160000000000000000e+02 3.030000000000000000e+02 2.790000000000000000e+02 2.510000000000000000e+02
3.760000000000000000e+02 3.570000000000000000e+02 3.350000000000000000e+02 3.160000000000000000e+02 3.030000000000000000e+02 2.790000000000000000e+02 2.510000000000000000e+02
3.760000000000000000e+02 3.570000000000000000e+02 3.350000000000000000e+02 3.160000000000000000e+02 3.030000000000000000e+02 2.790000000000000000e+02 2.510000000000000000e+02
3.760000000000000000e+02 3.570000000000000000e+02 3.350000000000000000e+02 3.160000000000000000e+02 3.030000000000000000e+02 2.790000000000000000e+02 2.510000000000000000e+02
3.760000000000000000e+02 3.570000000000000000e+02 3.350000000000000000e+02 3.160000000000000000e+02 3.030000000000000000e+02 2.790000000000000000e+02 2.510000000000000000e+02
3.760000000000000000e+02 3.570000000000000000e+02 3.350000000000000000e+02 3.160000000000000000e+02 3.030000000000000000e+02 2.790000000000000000e+02 2.510000000000000000e+02
3.760000000000000000e+02 3.570000000000000000e+02 3.350000000000000000e+02 3.160000000000000000e+02 3.030000000000000000e+02 2.790000000000000000e+02 2.510000000000000000e+02
3.760000000000000000e+02 3.570000000000000000e+02 3.350000000000000000e+02 3.160000000000000000e+02 3.030000000000000000e+02 2.790000000000000000e+02 2.510000000000000000e+02
3.760000000000000000e+02 3.570000000000000000e+02 3.350000000000000000e+02 3.160000000000000000e+02 3.030000000000000000e+02 2.790000000000000000e+02 2.510000000000000000e+02
3.760000000000000000e+02 3.570000000000000000e+02 3.350000000000000000e+02 3.160000000000000000e+02 3.030000000000000000e+02 2.790000000000000000e+02 2.510000000000000000e+02
3.760000000000000000e+02 3.570000000000000000e+02 3.350000000000000000e+02 3.160000000000000000e+02 3.030000000000000000e+02 2.790000000000000000e+02 2.510000000000000000e+02
3.760000000000000000e+02 3.570000000000000000e+02 3.350000000000000000e+02 3.160000000000000000e+02 3.030000000000000000e+02 2.790000000000000000e+02 2.510000000000000000e+02
3.760000000000000000e+02 3.570000000000000000e+02 3.350000000000000000e+02 3.160000000000000000e+02 3.030000000000000000e+02 2.790000000000000000e+02 2.510000000000000000e+02
3.760000000000000000e+02 3.570000000000000000e+02 3.350000000000000000e+02 3.160000000000000000e+02 3.030000000000000000e+02 2.790000000000000000e+02 2.510000000000000000e+02
3.760000000000000000e+02 3.570000000000000000e+02 3.350000000000000000e+02 3.160000000000000000e+02 3.030000000000000000e+02 2.790000000000000000e+02 2.510000000000000000e+02
3.760000000000000000e+02 3.570000000000000000e+02 3.350000000000000000e+02 3.160000000000000000e+02 3.030000000000000000e+02 2.790000000000000000e+02 2.510000000000000000e+02
3.760000000000000000e+02 3.570000000000000000e+02 3.350000000000000000e+02 3.160000000000000000e+02 3.030000000000000000e+02 2.790000000000000000e+02 2.510000000000000000e+02
3.760000000000000000e+02 3.570000000000000000e+02 3.350000000000000000e+02 3.160000000000000000e+02 3.030000000000000000e+02 2.790000000000000000e+02 2.510000000000000000e+02
3.760000000000000000e+02 3.570000000000000000e+02 3.350000000000000000e+02 3.160000000000000000e+02 3.030000000000000000e+02 2.790000000000000000e+02 2.510000000000000000e+02
3.760000000000000000e+02 3.570000000000000000e+02 3.350000000000000000e+02 3.160000000000000000e+02 3.030000000000000000e+02 2.790000000000000000e+02 2.510000000000000000e+02
3.760000000000000000e+02 3.570000000000000000e+02 3.350000000000000000e+02 3.160000000000000000e+02 3.030000000000000000e+02 2.790000000000000000e+02 2.510000000000000000e+02
3.760000000000000000e+02 3.570000000000000000e+02 3.350000000000000000e+02 3.160000000000000000e+02 3.030000000000000000e+02 2.790000000000000000e+02 2.510000000000000000e+02
3.760000000000000000e+02 3.570000000000000000e+02 3.350000000000000000e+02 3.160000000000000000e+02 3.030000000000000000e+02 2.790000000000000000e+02 2.510000000000000000e+02
3.760000000000000000e+02 3.570000000000000000e+02 3.350000000000000000e+02 3.160000000000000000e+02 3.030000000000000000e+02 2.790000000000000000e+02 2.510000000000000000e+02
3.760000000000000000e+02 3.570000000000000000e+02 3.350000000000000000e+02 3.160000000000000000e+02 3.030000000000000000e+02 2.790000000000000000e+02 2.510000000000000000e+02
3.760000000000000000e+02 3.570000000000000000e+02 3.350000000000000000e+02 3.160000000000000000e+02 3.030000000000000000e+02 2.790000000000000000e+02 2.510000000000000000e+02
3.760000000000000000e+02 3.570000000000000000e+02 3.350000000000000000e+02 3.160000000000000000e+02 3.030000000000000000e+02 2.790000000000000000e+02 2.510000000000000000e+02
3.760000000000000000e+02 3.570000000000000000e+02 3.350000000000000000e+02 3.160000000000000000e+02 3.030000000000000000e+02 2.790000000000000000e+02 2.510000000000000000e+02
3.760000000000000000e+02 3.570000000000000000e+02 3.350000000000000000e+02 3.160000000000000000e+02 3.030000000000000000e+02 2.790000000000000000e+02 2.510000000000000000e+02
3.760000000000000000e+02 3.570000000000000000e+02 3.350000000000000000e+02 3.160000000000000000e+02 3.030000000000000000e+02 2.790000000000000000e+02 2.510000000000000000e+02
3.760000000000000000e+02 3.570000000000000000e+02 3.350000000000000000e+02 3.160000000000000000e+02 3.030000000000000000e+02 2.790000000000000000e+02 2.510000000000000000e+02
3.760000000000000000e+02 3.570000000000000000e+02 3.350000000000000000e+02 3.160000000000000000e+02 3.030000000000000000e+02 2.790000000000000000e+02 2.510000000000000000e+02
3.760000000000000000e+02 3.570000000000000000e+02 3.350000000000000000e+02 3.160000000000000000e+02 3.030000000000000000e+02 2.790000000000000000e+02 2.510000000000000000e+02
3.760000000000000000e+02 3.570000000000000000e+02 3.350000000000000000e+02 3.160000000000000000e+02 3.030000000000000000e+02 2.790000000000000000e+02 2.510000000000000000e+02
3.760000000000000000e+02 3.570000000000000000e+02 3.350000000000000000e+02 3.160000000000000000e+02 3.030000000000000000e+02 2.790000000000000000e+02 2.510000000000000000e+02
3.760000000000000000e+02 3.570000000000000000e+02 3.350000000000000000e+02 3.160000000000000000e+02 3.030000000000000000e+02 2.790000000000000000e+02 2.510000000000000000e+02
3.760000000000000000e+02 3.570000000000000000e+02 3.350000000000000000e+02 3.160000000000000000e+02 3.030000000000000000e+02 2.790000000000000000e+02 2.510000000000000000e+02
3.760000000000000000e+02 3.570000000000000000e+02 3.350000000000000000e+02 3.160000000000000000e+02 3.030000000000000000e+02 2.790000000000000000e+02 2.510000000000000000e+02
3.760000000000000000e+02 3.570000000000000000e+02 3.350000000000000000e+02 3.160000000000000000e+02 3.030000000000000000e+02 2.790000000000000000e+02 2.510000000000000000e+02
3.760000000000000000e+02 3.570000000000000000e+02 3.350000000000000000e+02 3.160000000000000000e+02 3.030000000000000000e+02 2.790000000000000000e+02 2.510000000000000000e+02
3.760000000000000000e+02 3.570000000000000000e+02 3.350000000000000000e+02 3.160000000000000000e+02 3.030000000000000000e+02 2.790000000000000000e+02 2.510000000000000000e+02
3.760000000000000000e+02 3.570000000000000000e+02 3.350000000000000000e+02 3.160000000000000000e+02 3.030000000000000000e+02 2.790000000000000000e+02 2.510000000000000000e+02
3.760000000000000000e+02 3.570000000000000000e+02 3.350000000000000000e+02 3.160000000000000000e+02 3.030000000000000000e+02 2.790000000000000000e+02 2.510000000000000000e+02
3.760000000000000000e+02 3.570000000000000000e+02 3.350000000000000000e+02 3.160000000000000000e+02 3.030000000000000000e+02 2.790000000000000000e+02 2.510000000000000000e+02
3.760000000000000000e+02 3.570000000000000000e+02 3.350000000000000000e+02 3.160000000000000000e+02 3.030000000000000000e+02 2.790000000000000000e+02 2.510000000000000000e+02
3.760000000000000000e+02 3.570000000000000000e+02 3.350000000000000000e+02 3.160000000000000000e+02 3.030000000000000000e+02 2.790000000000000000e+02 2.510000000000000000e+02
3.760000000000000000e+02 3.570000000000000000e+02 3.350000000000000000e+02 3.160000000000000000e+02 3.030000000000000000e+02 2.790000000000000000e+02 2.510000000000000000e+02
3.760000000000000000e+02 3.570000000000000000e+02 3.350000000000000000e+02 3.160000000000000000e+02 3.030000000000000000e+02 2.790000000000000000e+02 2.510000000000000000e+02
3.760000000000000000e+02 3.570000000000000000e+02 3.350000000000000000e+02 3.160000000000000000e+02 3.030000000000000000e+02 2.790000000000000000e+02 2.510000000000000000e+02
3.760000000000000000e+02 3.570000000000000000e+02 3.350000000000000000e+02 3.160000000000000000e+02 3.030000000000000000e+02 2.790000000000000000e+02 2.510000000000000000e+02
3.760000000000000000e+02 3.570000000000000000e+02 3.350000000000000000e+02 3.160000000000000000e+02 3.030000000000000000e+02 2.790000000000000000e+02 2.510000000000000000e+02
3.760000000000000000e+02 3.570000000000000000e+02 3.350000000000000000e+02 3.160000000000000000e+02 3.030000000000000000e+02 2.790000000000000000e+02 2.510000000000000000e+02
