4.410000000000000000e+02 4.250000000000000000e+02 4.020000000000000000e+02 3.870000000000000000e+02 3.630000000000000000e+02 3.310000000000000000e+02 2.320000000000000000e+02
4.410000000000000000e+02 4.250000000000000000e+02 4.020000000000000000e+02 3.870000000000000000e+02 3.630000000000000000e+02 3.310000000000000000e+02 2.530000000000000000e+02
4.410000000000000000e+02 4.250000000000000000e+02 4.020000000000000000e+02 3.870000000000000000e+02 3.630000000000000000e+02 3.310000000000000000e+02 2.770000000000000000e+02
4.410000000000000000e+02 4.250000000000000000e+02 4.020000000000000000e+02 3.870000000000000000e+02 3.630000000000000000e+02 3.310000000000000000e+02 3.030000000000000000e+02
4.410000000000000000e+02 4.250000000000000000e+02 4.020000000000000000e+02 3.870000000000000000e+02 3.630000000000000000e+02 3.310000000000000000e+02 3.050000000000000000e+02
4.410000000000000000e+02 4.250000000000000000e+02 4.020000000000000000e+02 3.870000000000000000e+02 3.630000000000000000e+02 3.310000000000000000e+02 3.050000000000000000e+02
4.410000000000000000e+02 4.250000000000000000e+02 4.020000000000000000e+02 3.870000000000000000e+02 3.630000000000000000e+02 3.310000000000000000e+02 3.050000000000000000e+02
4.410000000000000000e+02 4.250000000000000000e+02 4.020000000000000000e+02 3.870000000000000000e+02 3.630000000000000000e+02 3.310000000000000000e+02 3.050000000000000000e+02
4.410000000000000000e+02 4.250000000000000000e+02 4.020000000000000000e+02 3.870000000000000000e+02 3.630000000000000000e+02 3.310000000000000000e+02 3.050000000000000000e+02
4.410000000000000000e+02 4.250000000000000000e+02 4.020000000000000000e+02 3.870000000000000000e+02 3.630000000000000000e+02 3.310000000000000000e+02 3.050000000000000000e+02
4.410000000000000000e+02 4.250000000000000000e+02 4.020000000000000000e+02 3.870000000000000000e+02 3.630000000000000000e+02 3.310000000000000000e+02 3.050000000000000000e+02
4.410000000000000000e+02 4.250000000000000000e+02 4.020000000000000000e+02 3.870000000000000000e+02 3.630000000000000000e+02 3.310000000000000000e+02 3.050000000000000000e+02
4.410000000000000000e+02 4.250000000000000000e+02 4.020000000000000000e+02 3.870000000000000000e+02 3.630000000000000000e+02 3.310000000000000000e+02 3.050000000000000000e+02
4.410000000000000000e+02 4.250000000000000000e+02 4.020000000000000000e+02 3.870000000000000000e+02 3.630000000000000000e+02 3.310000000000000000e+02 3.050000000000000000e+02
4.410000000000000000e+02 4.250000000000000000e+02 4.020000000000000000e+02 3.870000000000000000e+02 3.630000000000000000e+02 3.310000000000000000e+02 3.050000000000000000e+02
4.410000000000000000e+02 4.250000000000000000e+02 4.020000000000000000e+02 3.870000000000000000e+02 3.630000000000000000e+02 3.310000000000000000e+02 3.050000000000000000e+02
4.410000000000000000e+02 4.250000000000000000e+02 4.020000000000000000e+02 3.870000000000000000e+02 3.630000000000000000e+02 3.310000000000000000e+02 3.050000000000000000e+02
4.410000000000000000e+02 4.250000000000000000e+02 4.020000000000000000e+02 3.870000000000000000e+02 3.630000000000000000e+02 3.310000000000000000e+02 3.050000000000000000e+02
4.410000000000000000e+02 4.250000000000000000e+02 4.020000000000000000e+02 3.870000000000000000e+02 3.630000000000000000e+02 3.310000000000000000e+02 3.050000000000000000e+02
4.410000000000000000e+02 4.250000000000000000e+02 4.020000000000000000e+02 3.870000000000000000e+02 3.630000000000000000e+02 3.310000000000000000e+02 3.050000000000000000e+02
4.410000000000000000e+02 4.250000000000000000e+02 4.020000000000000000e+02 3.870000000000000000e+02 3.630000000000000000e+02 3.310000000000000000e+02 3.050000000000000000e+02
4.410000000000000000e+02 4.250000000000000000e+02 4.020000000000000000e+02 3.870000000000000000e+02 3.630000000000000000e+02 3.310000000000000000e+02 3.050000000000000000e+02
4.410000000000000000e+02 4.250000000000000000e+02 4.020000000000000000e+02 3.870000000000000000e+02 3.630000000000000000e+02 3.310000000000000000e+02 3.050000000000000000e+02
4.410000000000000000e+02 4.250000000000000000e+02 4.020000000000000000e+02 3.870000000000000000e+02 3.630000000000000000e+02 3.310000000000000000e+02 3.050000000000000000e+02
4.410000000000000000e+02 4.250000000000000000e+02 4.020000000000000000e+02 3.870000000000000000e+02 3.630000000000000000e+02 3.310000000000000000e+02 3.050000000000000000e+02
4.410000000000000000e+02 4.250000000000000000e+02 4.020000000000000000e+02 3.870000000000000000e+02 3.630000000000000000e+02 3.310000000000000000e+02 3.050000000000000000e+02
4.410000000000000000e+02 4.250000000000000000e+02 4.020000000000000000e+02 3.870000000000000000e+02 3.630000000000000000e+02 3.310000000000000000e+02 3.050000000000000000e+02
4.410000000000000000e+02 4.250000000000000000e+02 4.020000000000000000e+02 3.870000000000000000e+02 3.630000000000000000e+02 3.310000000000000000e+02 3.050000000000000000e+02
4.410000000000000000e+02 4.250000000000000000e+02 4.020000000000000000e+02 3.870000000000000000e+02 3.630000000000000000e+02 3.310000000000000000e+02 3.050000000000000000e+02
4.410000000000000000e+02 4.250000000000000000e+02 4.020000000000000000e+02 3.870000000000000000e+02 3.630000000000000000e+02 3.310000000000000000e+02 3.050000000000000000e+02
4.410000000000000000e+02 4.250000000000000000e+02 4.020000000000000000e+02 3.870000000000000000e+02 3.630000000000000000e+02 3.310000000000000000e+02 3.050000000000000000e+02
4.410000000000000000e+02 4.250000000000000000e+02 4.020000000000000000e+02 3.870000000000000000e+02 3.630000000000000000e+02 3.310000000000000000e+02 3.050000000000000000e+02
4.410000000000000000e+02 4.250000000000000000e+02 4.020000000000000000e+02 3.870000000000000000e+02 3.630000000000000000e+02 3.310000000000000000e+02 3.050000000000000000e+02
4.410000000000000000e+02 4.250000000000000000e+02 4.020000000000000000e+02 3.870000000000000000e+02 3.630000000000000000e+02 3.310000000000000000e+02 3.050000000000000000e+02
4.410000000000000000e+02 4.250000000000000000e+02 4.020000000000000000e+02 3.870000000000000000e+02 3.630000000000000000e+02 3.310000000000000000e+02 3.050000000000000000e+02
4.410000000000000000e+02 4.250000000000000000e+02 4.020000000000000000e+02 3.870000000000000000e+02 3.630000000000000000e+02 3.310000000000000000e+02 3.050000000000000000e+02
4.410000000000000000e+02 4.250000000000000000e+02 4.020000000000000000e+02 3.870000000000000000e+02 3.630000000000000000e+02 3.310000000000000000e+02 3.050000000000000000e+02
4.410000000000000000e+02 4.250000000000000000e+02 4.020000000000000000e+02 3.870000000000000000e+02 3.630000000000000000e+02 3.310000000000000000e+02 3.050000000000000000e+02
4.410000000000000000e+02 4.250000000000000000e+02 4.020000000000000000e+02 3.870000000000000000e+02 3.630000000000000000e+02 3.310000000000000000e+02 3.050000000000000000e+02
4.410000000000000000e+02 4.250000000000000000e+02 4.020000000000000000e+02 3.870000000000000000e+02 3.630000000000000000e+02 3.310000000000000000e+02 3.050000000000000000e+02
4.410000000000000000e+02 4.250000000000000000e+02 4.020000000000000000e+02 3.870000000000000000e+02 3.630000000000000000e+02 3.310000000000000000e+02 3.050000000000000000e+02
4.410000000000000000e+02 4.250000000000000000e+02 4.020000000000000000e+02 3.870000000000000000e+02 3.630000000000000000e+02 3.310000000000000000e+02 3.050000000000000000e+02
4.410000000000000000e+02 4.250000000000000000e+02 4.020000000000000000e+02 3.870000000000000000e+02 3.630000000000000000e+02 3.310000000000000000e+02 3.050000000000000000e+02
4.410000000000000000e+02 4.250000000000000000e+02 4.020000000000000000e+02 3.870000000000000000e+02 3.630000000000000000e+02 3.310000000000000000e+02 3.050000000000000000e+02
4.410000000000000000e+02 4.250000000000000000e+02 4.020000000000000000e+02 3.870000000000000000e+02 3.630000000000000000e+02 3.310000000000000000e+02 3.050000000000000000e+02
4.410000000000000000e+02 4.250000000000000000e+02 4.020000000000000000e+02 3.870000000000000000e+02 3.630000000000000000e+02 3.310000000000000000e+02 3.050000000000000000e+02
4.410000000000000000e+02 4.250000000000000000e+02 4.020000000000000000e+02 3.870000000000000000e+02 3.630000000000000000e+02 3.310000000000000000e+02 3.050000000000000000e+02
4.410000000000000000e+02 4.250000000000000000e+02 4.020000000000000000e+02 3.870000000000000000e+02 3.630000000000000000e+02 3.310000000000000000e+02 3.050000000000000000e+02
4.410000000000000000e+02 4.250000000000000000e+02 4.020000000000000000e+02 3.870000000000000000e+02 3.630000000000000000e+02 3.310000000000000000e+02 3.050000000000000000e+02
4.410000000000000000e+02 4.250000000000000000e+02 4.020000000000000000e+02 3.870000000000000000e+02 3.630000000000000000e+02 3.310000000000000000e+02 3.050000000000000000e+02
4.410000000000000000e+02 4.250000000000000000e+02 4.020000000000000000e+02 3.870000000000000000e+02 3.630000000000000000e+02 3.310000000000000000e+02 3.050000000000000000e+02
4.410000000000000000e+02 4.250000000000000000e+02 4.020000000000000000e+02 3.870000000000000000e+02 3.630000000000000000e+02 3.310000000000000000e+02 3.050000000000000000e+02
4.410000000000000000e+02 4.250000000000000000e+02 4.020000000000000000e+02 3.870000000000000000e+02 3.630000000000000000e+02 3.310000000000000000e+02 3.050000000000000000e+02
4.410000000000000000e+02 4.250000000000000000e+02 4.020000000000000000e+02 3.870000000000000000e+02 3.630000000000000000e+02 3.310000000000000000e+02 3.050000000000000000e+02
4.410000000000000000e+02 4.250000000000000000e+02 4.020000000000000000e+02 3.870000000000000000e+02 3.630000000000000000e+02 3.310000000000000000e+02 3.050000000000000000e+02
4.410000000000000000e+02 4.250000000000000000e+02 4.020000000000000000e+02 3.870000000000000000e+02 3.630000000000000000e+02 3.310000000000000000e+02 3.050000000000000000e+02
4.410000000000000000e+02 4.250000000000000000e+02 4.020000000000000000e+02 3.870000000000000000e+02 3.630000000000000000e+02 3.310000000000000000e+02 3.050000000000000000e+02
4.410000000000000000e+02 4.250000000000000000e+02 4.020000000000000000e+02 3.870000000000000000e+02 3.630000000000000000e+02 3.310000000000000000e+02 3.050000000000000000e+02
4.410000000000000000e+02 4.250000000000000000e+02 4.020000000000000000e+02 3.870000000000000000e+02 3.630000000000000000e+02 3.310000000000000000e+02 3.050000000000000000e+02
4.410000000000000000e+02 4.250000000000000000e+02 4.020000000000000000e+02 3.870000000000000000e+02 3.630000000000000000e+02 3.310000000000000000e+02 3.050000000000000000e+02
4.410000000000000000e+02 4.250000000000000000e+02 4.020000000000000000e+02 3.870000000000000000e+02 3.630000000000000000e+02 3.310000000000000000e+02 3.050000000000000000e+02
4.410000000000000000e+02 4.250000000000000000e+02 4.020000000000000000e+02 3.870000000000000000e+02 3.630000000000000000e+02 3.310000000000000000e+02 3.050000000000000000e+02
4.410000000000000000e+02 4.250000000000000000e+02 4.020000000000000000e+02 3.870000000000000000e+02 3.630000000000000000e+02 3.310000000000000000e+02 3.050000000000000000e+02
4.410000000000000000e+02 4.250000000000000000e+02 4.020000000000000000e+02 3.870000000000000000e+02 3.630000000000000000e+02 3.310000000000000000e+02 3.050000000000000000e+02
4.410000000000000000e+02 4.250000000000000000e+02 4.020000000000000000e+02 3.870000000000000000e+02 3.630000000000000000e+02 3.310000000000000000e+02 3.050000000000000000e+02
4.410000000000000000e+02 4.250000000000000000e+02 4.020000000000000000e+02 3.870000000000000000e+02 3.630000000000000000e+02 3.310000000000000000e+02 3.050000000000000000e+02
4.410000000000000000e+02 4.250000000000000000e+02 4.020000000000000000e+02 3.870000000000000000e+02 3.630000000000000000e+02 3.310000000000000000e+02 3.050000000000000000e+02
4.410000000000000000e+02 4.250000000000000000e+02 4.020000000000000000e+02 3.870000000000000000e+02 3.630000000000000000e+02 3.310000000000000000e+02 3.050000000000000000e+02
4.410000000000000000e+02 4.250000000000000000e+02 4.020000000000000000e+02 3.870000000000000000e+02 3.630000000000000000e+02 3.310000000000000000e+02 3.050000000000000000e+02
4.410000000000000000e+02 4.250000000000000000e+02 4.020000000000000000e+02 3.870000000000000000e+02 3.630000000000000000e+02 3.310000000000000000e+02 3.050000000000000000e+02
4.410000000000000000e+02 4.250000000000000000e+02 4.020000000000000000e+02 3.870000000000000000e+02 3.630000000000000000e+02 3.310000000000000000e+02 3.050000000000000000e+02
4.410000000000000000e+02 4.250000000000000000e+02 4.020000000000000000e+02 3.870000000000000000e+02 3.630000000000000000e+02 3.310000000000000000e+02 3.050000000000000000e+02
4.410000000000000000e+02 4.250000000000000000e+02 4.020000000000000000e+02 3.870000000000000000e+02 3.630000000000000000e+02 3.310000000000000000e+02 3.050000000000000000e+02
4.410000000000000000e+02 4.250000000000000000e+02 4.020000000000000000e+02 3.870000000000000000e+02 3.630000000000000000e+02 3.310000000000000000e+02 3.050000000000000000e+02
4.410000000000000000e+02 4.250000000000000000e+02 4.020000000000000000e+02 3.870000000000000000e+02 3.630000000000000000e+02 3.310000000000000000e+02 3.050000000000000000e+02
4.410000000000000000e+02 4.250000000000000000e+02 4.020000000000000000e+02 3.870000000000000000e+02 3.630000000000000000e+02 3.310000000000000000e+02 3.050000000000000000e+02
4.410000000000000000e+02 4.250000000000000000e+02 4.020000000000000000e+02 3.870000000000000000e+02 3.630000000000000000e+02 3.310000000000000000e+02 3.050000000000000000e+02
4.410000000000000000e+02 4.250000000000000000e+02 4.020000000000000000e+02 3.870000000000000000e+02 3.630000000000000000e+02 3.310000000000000000e+02 3.050000000000000000e+02
4.410000000000000000e+02 4.250000000000000000e+02 4.020000000000000000e+02 3.870000000000000000e+02 3.630000000000000000e+02 3.310000000000000000e+02 3.050000000000000000e+02
4.410000000000000000e+02 4.250000000000000000e+02 4.020000000000000000e+02 3.870000000000000000e+02 3.630000000000000000e+02 3.310000000000000000e+02 3.050000000000000000e+02
4.410000000000000000e+02 4.250000000000000000e+02 4.020000000000000000e+02 3.870000000000000000e+02 3.630000000000000000e+02 3.310000000000000000e+02 3.050000000000000000e+02
4.410000000000000000e+02 4.250000000000000000e+02 4.020000000000000000e+02 3.870000000000000000e+02 3.630000000000000000e+02 3.310000000000000000e+02 3.050000000000000000e+02
4.410000000000000000e+02 4.250000000000000000e+02 4.020000000000000000e+02 3.870000000000000000e+02 3.630000000000000000e+02 3.310000000000000000e+02 3.050000000000000000e+02
4.410000000000000000e+02 4.250000000000000000e+02 4.020000000000000000e+02 3.870000000000000000e+02 3.630000000000000000e+02 3.310000000000000000e+02 3.050000000000000000e+02
4.410000000000000000e+02 4.250000000000000000e+02 4.020000000000000000e+02 3.870000000000000000e+02 3.630000000000000000e+02 3.310000000000000000e+02 3.050000000000000000e+02
4.410000000000000000e+02 4.250000000000000000e+02 4.020000000000000000e+02 3.870000000000000000e+02 3.630000000000000000e+02 3.310000000000000000e+02 3.050000000000000000e+02
4.410000000000000000e+02 4.250000000000000000e+02 4.020000000000000000e+02 3.870000000000000000e+02 3.630000000000000000e+02 3.310000000000000000e+02 3.050000000000000000e+02
4.410000000000000000e+02 4.250000000000000000e+02 4.020000000000000000e+02 3.870000000000000000e+02 3.630000000000000000e+02 3.310000000000000000e+02 3.050000000000000000e+02
4.410000000000000000e+02 4.250000000000000000e+02 4.020000000000000000e+02 3.870000000000000000e+02 3.630000000000000000e+02 3.310000000000000000e+02 3.050000000000000000e+02
4.410000000000000000e+02 4.250000000000000000e+02 4.020000000000000000e+02 3.870000000000000000e+02 3.630000000000000000e+02 3.310000000000000000e+02 3.050000000000000000e+02
4.410000000000000000e+02 4.250000000000000000e+02 4.020000000000000000e+02 3.870000000000000000e+02 3.630000000000000000e+02 3.310000000000000000e+02 3.050000000000000000e+02
4.410000000000000000e+02 4.250000000000000000e+02 4.020000000000000000e+02 3.870000000000000000e+02 3.630000000000000000e+02 3.310000000000000000e+02 3.050000000000000000e+02
4.410000000000000000e+02 4.250000000000000000e+02 4.020000000000000000e+02 3.870000000000000000e+02 3.630000000000000000e+02 3.310000000000000000e+02 3.050000000000000000e+02
4.410000000000000000e+02 4.250000000000000000e+02 4.020000000000000000e+02 3.870000000000000000e+02 3.630000000000000000e+02 3.310000000000000000e+02 3.050000000000000000e+02
4.410000000000000000e+02 4.250000000000000000e+02 4.020000000000000000e+02 3.870000000000000000e+02 3.630000000000000000e+02 3.310000000000000000e+02 3.050000000000000000e+02
4.410000000000000000e+02 4.250000000000000000e+02 4.020000000000000000e+02 3.870000000000000000e+02 3.630000000000000000e+02 3.310000000000000000e+02 3.050000000000000000e+02
4.410000000000000000e+02 4.250000000000000000e+02 4.020000000000000000e+02 3.870000000000000000e+02 3.630000000000000000e+02 3.310000000000000000e+02 3.050000000000000000e+02
4.410000000000000000e+02 4.250000000000000000e+02 4.020000000000000000e+02 3.870000000000000000e+02 3.630000000000000000e+02 3.310000000000000000e+02 3.050000000000000000e+02
4.410000000000000000e+02 4.250000000000000000e+02 4.020000000000000000e+02 3.870000000000000000e+02 3.630000000000000000e+02 3.310000000000000000e+02 3.050000000000000000e+02
