5.080000000000000000e+02 4.750000000000000000e+02 4.400000000000000000e+02 4.290000000000000000e+02 3.980000000000000000e+02 3.590000000000000000e+02 3.120000000000000000e+02
5.080000000000000000e+02 4.750000000000000000e+02 4.400000000000000000e+02 4.290000000000000000e+02 3.980000000000000000e+02 3.590000000000000000e+02 3.120000000000000000e+02
5.080000000000000000e+02 4.750000000000000000e+02 4.400000000000000000e+02 4.290000000000000000e+02 3.980000000000000000e+02 3.590000000000000000e+02 3.120000000000000000e+02
5.080000000000000000e+02 4.750000000000000000e+02 4.400000000000000000e+02 4.290000000000000000e+02 3.980000000000000000e+02 3.590000000000000000e+02 3.120000000000000000e+02
5.080000000000000000e+02 4.750000000000000000e+02 4.400000000000000000e+02 4.290000000000000000e+02 3.980000000000000000e+02 3.590000000000000000e+02 3.120000000000000000e+02
5.080000000000000000e+02 4.750000000000000000e+02 4.400000000000000000e+02 4.290000000000000000e+02 3.980000000000000000e+02 3.590000000000000000e+02 3.120000000000000000e+02
5.080000000000000000e+02 4.750000000000000000e+02 4.400000000000000000e+02 4.290000000000000000e+02 3.980000000000000000e+02 3.590000000000000000e+02 3.120000000000000000e+02
5.080000000000000000e+02 4.750000000000000000e+02 4.400000000000000000e+02 4.290000000000000000e+02 3.980000000000000000e+02 3.590000000000000000e+02 3.120000000000000000e+02
5.080000000000000000e+02 4.750000000000000000e+02 4.400000000000000000e+02 4.290000000000000000e+02 3.980000000000000000e+02 3.590000000000000000e+02 3.120000000000000000e+02
5.080000000000000000e+02 4.750000000000000000e+02 4.400000000000000000e+02 4.290000000000000000e+02 3.980000000000000000e+02 3.590000000000000000e+02 3.120000000000000000e+02
5.080000000000000000e+02 4.750000000000000000e+02 4.400000000000000000e+02 4.290000000000000000e+02 3.980000000000000000e+02 3.590000000000000000e+02 3.120000000000000000e+02
5.080000000000000000e+02 4.750000000000000000e+02 4.400000000000000000e+02 4.290000000000000000e+02 3.980000000000000000e+02 3.590000000000000000e+02 3.120000000000000000e+02
5.080000000000000000e+02 4.750000000000000000e+02 4.400000000000000000e+02 4.290000000000000000e+02 3.980000000000000000e+02 3.590000000000000000e+02 3.120000000000000000e+02
5.080000000000000000e+02 4.750000000000000000e+02 4.400000000000000000e+02 4.290000000000000000e+02 3.980000000000000000e+02 3.590000000000000000e+02 3.120000000000000000e+02
5.080000000000000000e+02 4.750000000000000000e+02 4.400000000000000000e+02 4.290000000000000000e+02 3.980000000000000000e+02 3.590000000000000000e+02 3.120000000000000000e+02
5.080000000000000000e+02 4.750000000000000000e+02 4.400000000000000000e+02 4.290000000000000000e+02 3.980000000000000000e+02 3.590000000000000000e+02 3.120000000000000000e+02
5.080000000000000000e+02 4.750000000000000000e+02 4.400000000000000000e+02 4.290000000000000000e+02 3.980000000000000000e+02 3.590000000000000000e+02 3.120000000000000000e+02
5.080000000000000000e+02 4.750000000000000000e+02 4.400000000000000000e+02 4.290000000000000000e+02 3.980000000000000000e+02 3.590000000000000000e+02 3.120000000000000000e+02
5.080000000000000000e+02 4.750000000000000000e+02 4.400000000000000000e+02 4.290000000000000000e+02 3.980000000000000000e+02 3.590000000000000000e+02 3.120000000000000000e+02
5.080000000000000000e+02 4.750000000000000000e+02 4.400000000000000000e+02 4.290000000000000000e+02 3.980000000000000000e+02 3.590000000000000000e+02 3.120000000000000000e+02
5.080000000000000000e+02 4.750000000000000000e+02 4.400000000000000000e+02 4.290000000000000000e+02 3.980000000000000000e+02 3.590000000000000000e+02 3.120000000000000000e+02
5.080000000000000000e+02 4.750000000000000000e+02 4.400000000000000000e+02 4.290000000000000000e+02 3.980000000000000000e+02 3.590000000000000000e+02 3.120000000000000000e+02
5.080000000000000000e+02 4.750000000000000000e+02 4.400000000000000000e+02 4.290000000000000000e+02 3.980000000000000000e+02 3.590000000000000000e+02 3.120000000000000000e+02
5.080000000000000000e+02 4.750000000000000000e+02 4.400000000000000000e+02 4.290000000000000000e+02 3.980000000000000000e+02 3.590000000000000000e+02 3.120000000000000000e+02
5.080000000000000000e+02 4.750000000000000000e+02 4.400000000000000000e+02 4.290000000000000000e+02 3.980000000000000000e+02 3.590000000000000000e+02 3.120000000000000000e+02
5.080000000000000000e+02 4.750000000000000000e+02 4.400000000000000000e+02 4.290000000000000000e+02 3.980000000000000000e+02 3.590000000000000000e+02 3.120000000000000000e+02
5.080000000000000000e+02 4.750000000000000000e+02 4.400000000000000000e+02 4.290000000000000000e+02 3.980000000000000000e+02 3.590000000000000000e+02 3.120000000000000000e+02
5.080000000000000000e+02 4.750000000000000000e+02 4.400000000000000000e+02 4.290000000000000000e+02 3.980000000000000000e+02 3.590000000000000000e+02 3.120000000000000000e+02
5.080000000000000000e+02 4.750000000000000000e+02 4.400000000000000000e+02 4.290000000000000000e+02 3.980000000000000000e+02 3.590000000000000000e+02 3.120000000000000000e+02
5.080000000000000000e+02 4.750000000000000000e+02 4.400000000000000000e+02 4.290000000000000000e+02 3.980000000000000000e+02 3.590000000000000000e+02 3.120000000000000000e+02
5.080000000000000000e+02 4.750000000000000000e+02 4.400000000000000000e+02 4.290000000000000000e+02 3.980000000000000000e+02 3.590000000000000000e+02 3.120000000000000000e+02
5.080000000000000000e+02 4.750000000000000000e+02 4.400000000000000000e+02 4.290000000000000000e+02 3.980000000000000000e+02 3.590000000000000000e+02 3.120000000000000000e+02
5.080000000000000000e+02 4.750000000000000000e+02 4.400000000000000000e+02 4.290000000000000000e+02 3.980000000000000000e+02 3.590000000000000000e+02 3.120000000000000000e+02
5.080000000000000000e+02 4.750000000000000000e+02 4.400000000000000000e+02 4.290000000000000000e+02 3.980000000000000000e+02 3.590000000000000000e+02 3.120000000000000000e+02
5.080000000000000000e+02 4.750000000000000000e+02 4.400000000000000000e+02 4.290000000000000000e+02 3.980000000000000000e+02 3.590000000000000000e+02 3.120000000000000000e+02
5.080000000000000000e+02 4.750000000000000000e+02 4.400000000000000000e+02 4.290000000000000000e+02 3.980000000000000000e+02 3.590000000000000000e+02 3.120000000000000000e+02
5.080000000000000000e+02 4.750000000000000000e+02 4.400000000000000000e+02 4.290000000000000000e+02 3.980000000000000000e+02 3.590000000000000000e+02 3.120000000000000000e+02
5.080000000000000000e+02 4.750000000000000000e+02 4.400000000000000000e+02 4.290000000000000000e+02 3.980000000000000000e+02 3.590000000000000000e+02 3.120000000000000000e+02
5.080000000000000000e+02 4.750000000000000000e+02 4.400000000000000000e+02 4.290000000000000000e+02 3.980000000000000000e+02 3.590000000000000000e+02 3.120000000000000000e+02
5.080000000000000000e+02 4.750000000000000000e+02 4.400000000000000000e+02 4.290000000000000000e+02 3.980000000000000000e+02 3.590000000000000000e+02 3.120000000000000000e+02
5.080000000000000000e+02 4.750000000000000000e+02 4.400000000000000000e+02 4.290000000000000000e+02 3.980000000000000000e+02 3.590000000000000000e+02 3.120000000000000000e+02
5.080000000000000000e+02 4.750000000000000000e+02 4.400000000000000000e+02 4.290000000000000000e+02 3.980000000000000000e+02 3.590000000000000000e+02 3.120000000000000000e+02
5.080000000000000000e+02 4.750000000000000000e+02 4.400000000000000000e+02 4.290000000000000000e+02 3.980000000000000000e+02 3.590000000000000000e+02 3.120000000000000000e+02
5.080000000000000000e+02 4.750000000000000000e+02 4.400000000000000000e+02 4.290000000000000000e+02 3.980000000000000000e+02 3.590000000000000000e+02 3.120000000000000000e+02
5.080000000000000000e+02 4.750000000000000000e+02 4.400000000000000000e+02 4.290000000000000000e+02 3.980000000000000000e+02 3.590000000000000000e+02 3.120000000000000000e+02
5.080000000000000000e+02 4.750000000000000000e+02 4.400000000000000000e+02 4.290000000000000000e+02 3.980000000000000000e+02 3.590000000000000000e+02 3.120000000000000000e+02
5.080000000000000000e+02 4.750000000000000000e+02 4.400000000000000000e+02 4.290000000000000000e+02 3.980000000000000000e+02 3.590000000000000000e+02 3.120000000000000000e+02
5.080000000000000000e+02 4.750000000000000000e+02 4.400000000000000000e+02 4.290000000000000000e+02 3.980000000000000000e+02 3.590000000000000000e+02 3.120000000000000000e+02
5.080000000000000000e+02 4.750000000000000000e+02 4.400000000000000000e+02 4.290000000000000000e+02 3.980000000000000000e+02 3.590000000000000000e+02 3.120000000000000000e+02
5.080000000000000000e+02 4.750000000000000000e+02 4.400000000000000000e+02 4.290000000000000000e+02 3.980000000000000000e+02 3.590000000000000000e+02 3.120000000000000000e+02
5.080000000000000000e+02 4.750000000000000000e+02 4.400000000000000000e+02 4.290000000000000000e+02 3.980000000000000000e+02 3.590000000000000000e+02 3.120000000000000000e+02
5.080000000000000000e+02 4.750000000000000000e+02 4.400000000000000000e+02 4.290000000000000000e+02 3.980000000000000000e+02 3.590000000000000000e+02 3.120000000000000000e+02
5.080000000000000000e+02 4.750000000000000000e+02 4.400000000000000000e+02 4.290000000000000000e+02 3.980000000000000000e+02 3.590000000000000000e+02 3.120000000000000000e+02
5.080000000000000000e+02 4.750000000000000000e+02 4.400000000000000000e+02 4.290000000000000000e+02 3.980000000000000000e+02 3.590000000000000000e+02 3.120000000000000000e+02
5.080000000000000000e+02 4.750000000000000000e+02 4.400000000000000000e+02 4.290000000000000000e+02 3.980000000000000000e+02 3.590000000000000000e+02 3.120000000000000000e+02
5.080000000000000000e+02 4.750000000000000000e+02 4.400000000000000000e+02 4.290000000000000000e+02 3.980000000000000000e+02 3.590000000000000000e+02 3.120000000000000000e+02
5.080000000000000000e+02 4.750000000000000000e+02 4.400000000000000000e+02 4.290000000000000000e+02 3.980000000000000000e+02 3.590000000000000000e+02 3.120000000000000000e+02
5.080000000000000000e+02 4.750000000000000000e+02 4.400000000000000000e+02 4.290000000000000000e+02 3.980000000000000000e+02 3.590000000000000000e+02 3.120000000000000000e+02
5.080000000000000000e+02 4.750000000000000000e+02 4.400000000000000000e+02 4.290000000000000000e+02 3.980000000000000000e+02 3.590000000000000000e+02 3.120000000000000000e+02
5.080000000000000000e+02 4.750000000000000000e+02 4.400000000000000000e+02 4.290000000000000000e+02 3.980000000000000000e+02 3.590000000000000000e+02 3.120000000000000000e+02
5.080000000000000000e+02 4.750000000000000000e+02 4.400000000000000000e+02 4.290000000000000000e+02 3.980000000000000000e+02 3.590000000000000000e+02 3.120000000000000000e+02
5.080000000000000000e+02 4.750000000000000000e+02 4.400000000000000000e+02 4.290000000000000000e+02 3.980000000000000000e+02 3.590000000000000000e+02 3.120000000000000000e+02
5.080000000000000000e+02 4.750000000000000000e+02 4.400000000000000000e+02 4.290000000000000000e+02 3.980000000000000000e+02 3.590000000000000000e+02 3.120000000000000000e+02
5.080000000000000000e+02 4.750000000000000000e+02 4.400000000000000000e+02 4.290000000000000000e+02 3.980000000000000000e+02 3.590000000000000000e+02 3.120000000000000000e+02
5.080000000000000000e+02 4.750000000000000000e+02 4.400000000000000000e+02 4.290000000000000000e+02 3.980000000000000000e+02 3.590000000000000000e+02 3.120000000000000000e+02
5.080000000000000000e+02 4.750000000000000000e+02 4.400000000000000000e+02 4.290000000000000000e+02 3.980000000000000000e+02 3.590000000000000000e+02 3.120000000000000000e+02
5.080000000000000000e+02 4.750000000000000000e+02 4.400000000000000000e+02 4.290000000000000000e+02 3.980000000000000000e+02 3.590000000000000000e+02 3.120000000000000000e+02
5.080000000000000000e+02 4.750000000000000000e+02 4.400000000000000000e+02 4.290000000000000000e+02 3.980000000000000000e+02 3.590000000000000000e+02 3.120000000000000000e+02
5.080000000000000000e+02 4.750000000000000000e+02 4.400000000000000000e+02 4.290000000000000000e+02 3.980000000000000000e+02 3.590000000000000000e+02 3.120000000000000000e+02
5.080000000000000000e+02 4.750000000000000000e+02 4.400000000000000000e+02 4.290000000000000000e+02 3.980000000000000000e+02 3.590000000000000000e+02 3.120000000000000000e+02
5.080000000000000000e+02 4.750000000000000000e+02 4.400000000000000000e+02 4.290000000000000000e+02 3.980000000000000000e+02 3.590000000000000000e+02 3.120000000000000000e+02
5.080000000000000000e+02 4.750000000000000000e+02 4.400000000000000000e+02 4.290000000000000000e+02 3.980000000000000000e+02 3.590000000000000000e+02 3.120000000000000000e+02
5.080000000000000000e+02 4.750000000000000000e+02 4.400000000000000000e+02 4.290000000000000000e+02 3.980000000000000000e+02 3.590000000000000000e+02 3.120000000000000000e+02
5.080000000000000000e+02 4.750000000000000000e+02 4.400000000000000000e+02 4.290000000000000000e+02 3.980000000000000000e+02 3.590000000000000000e+02 3.120000000000000000e+02
5.080000000000000000e+02 4.750000000000000000e+02 4.400000000000000000e+02 4.290000000000000000e+02 3.980000000000000000e+02 3.590000000000000000e+02 3.120000000000000000e+02
5.080000000000000000e+02 4.750000000000000000e+02 4.400000000000000000e+02 4.290000000000000000e+02 3.980000000000000000e+02 3.590000000000000000e+02 3.120000000000000000e+02
5.080000000000000000e+02 4.750000000000000000e+02 4.400000000000000000e+02 4.290000000000000000e+02 3.980000000000000000e+02 3.590000000000000000e+02 3.120000000000000000e+02
5.080000000000000000e+02 4.750000000000000000e+02 4.400000000000000000e+02 4.290000000000000000e+02 3.980000000000000000e+02 3.590000000000000000e+02 3.120000000000000000e+02
5.080000000000000000e+02 4.750000000000000000e+02 4.400000000000000000e+02 4.290000000000000000e+02 3.980000000000000000e+02 3.590000000000000000e+02 3.120000000000000000e+02
5.080000000000000000e+02 4.750000000000000000e+02 4.400000000000000000e+02 4.290000000000000000e+02 3.980000000000000000e+02 3.590000000000000000e+02 3.120000000000000000e+02
5.080000000000000000e+02 4.750000000000000000e+02 4.400000000000000000e+02 4.290000000000000000e+02 3.980000000000000000e+02 3.590000000000000000e+02 3.120000000000000000e+02
5.080000000000000000e+02 4.750000000000000000e+02 4.400000000000000000e+02 4.290000000000000000e+02 3.980000000000000000e+02 3.590000000000000000e+02 3.120000000000000000e+02
5.080000000000000000e+02 4.750000000000000000e+02 4.400000000000000000e+02 4.290000000000000000e+02 3.980000000000000000e+02 3.590000000000000000e+02 3.120000000000000000e+02
5.080000000000000000e+02 4.750000000000000000e+02 4.400000000000000000e+02 4.290000000000000000e+02 3.980000000000000000e+02 3.590000000000000000e+02 3.120000000000000000e+02
5.080000000000000000e+02 4.750000000000000000e+02 4.400000000000000000e+02 4.290000000000000000e+02 3.980000000000000000e+02 3.590000000000000000e+02 3.120000000000000000e+02
5.080000000000000000e+02 4.750000000000000000e+02 4.400000000000000000e+02 4.290000000000000000e+02 3.980000000000000000e+02 3.590000000000000000e+02 3.120000000000000000e+02
5.080000000000000000e+02 4.750000000000000000e+02 4.400000000000000000e+02 4.290000000000000000e+02 3.980000000000000000e+02 3.590000000000000000e+02 3.120000000000000000e+02
5.080000000000000000e+02 4.750000000000000000e+02 4.400000000000000000e+02 4.290000000000000000e+02 3.980000000000000000e+02 3.590000000000000000e+02 3.120000000000000000e+02
5.080000000000000000e+02 4.750000000000000000e+02 4.400000000000000000e+02 4.290000000000000000e+02 3.980000000000000000e+02 3.590000000000000000e+02 3.120000000000000000e+02
5.080000000000000000e+02 4.750000000000000000e+02 4.400000000000000000e+02 4.290000000000000000e+02 3.980000000000000000e+02 3.590000000000000000e+02 3.120000000000000000e+02
5.080000000000000000e+02 4.750000000000000000e+02 4.400000000000000000e+02 4.290000000000000000e+02 3.980000000000000000e+02 3.590000000000000000e+02 3.120000000000000000e+02
5.080000000000000000e+02 4.750000000000000000e+02 4.400000000000000000e+02 4.290000000000000000e+02 3.980000000000000000e+02 3.590000000000000000e+02 3.120000000000000000e+02
5.080000000000000000e+02 4.750000000000000000e+02 4.400000000000000000e+02 4.290000000000000000e+02 3.980000000000000000e+02 3.590000000000000000e+02 3.120000000000000000e+02
5.080000000000000000e+02 4.750000000000000000e+02 4.400000000000000000e+02 4.290000000000000000e+02 3.980000000000000000e+02 3.590000000000000000e+02 3.120000000000000000e+02
5.080000000000000000e+02 4.750000000000000000e+02 4.400000000000000000e+02 4.290000000000000000e+02 3.980000000000000000e+02 3.590000000000000000e+02 3.120000000000000000e+02
5.080000000000000000e+02 4.750000000000000000e+02 4.400000000000000000e+02 4.290000000000000000e+02 3.980000000000000000e+02 3.590000000000000000e+02 3.120000000000000000e+02
5.080000000000000000e+02 4.750000000000000000e+02 4.400000000000000000e+02 4.290000000000000000e+02 3.980000000000000000e+02 3.590000000000000000e+02 3.120000000000000000e+02
5.080000000000000000e+02 4.750000000000000000e+02 4.400000000000000000e+02 4.290000000000000000e+02 3.980000000000000000e+02 3.590000000000000000e+02 3.120000000000000000e+02
5.080000000000000000e+02 4.750000000000000000e+02 4.400000000000000000e+02 4.290000000000000000e+02 3.980000000000000000e+02 3.590000000000000000e+02 3.120000000000000000e+02
